ts_code,trade_date,open,high,low,close,pre_close,change,pct_chg,vol,amount
002182.SZ,20180102,9.37,9.56,9.29,9.55,9.38,0.17,1.81,175806.42,166021.45
002182.SZ,20180103,9.57,9.75,9.47,9.51,9.55,-0.04,-0.42,216655.02,207668.954
002182.SZ,20180104,9.44,9.57,9.32,9.55,9.51,0.04,0.42,168049.5,158221.55
002182.SZ,20180105,9.49,9.5,9.31,9.36,9.55,-0.19,-1.99,127464.26,119704.424
002182.SZ,20180108,9.31,9.64,9.3,9.59,9.36,0.23,2.46,196329.42,187004.821
002182.SZ,20180109,9.6,9.63,9.36,9.45,9.59,-0.14,-1.46,154898.35,146640.804
002182.SZ,20180110,9.43,9.52,9.21,9.25,9.45,-0.2,-2.12,141529.88,132152.38
002182.SZ,20180111,9.26,9.44,9.25,9.33,9.25,0.08,0.86,105337.71,98111.876
002182.SZ,20180112,9.26,9.3,9.07,9.08,9.33,-0.25,-2.68,130074.98,119074.475
002182.SZ,20180115,9.06,9.06,8.56,8.61,9.08,-0.47,-5.18,151254.82,132446.606
002182.SZ,20180116,8.58,8.7,8.57,8.63,8.61,0.02,0.23,78236.02,67507.242
002182.SZ,20180117,8.65,8.7,8.45,8.69,8.63,0.06,0.7,87959.77,75326.734
002182.SZ,20180118,8.64,8.85,8.63,8.7,8.69,0.01,0.12,79877.42,69960.545
002182.SZ,20180119,8.68,8.7,8.55,8.6,8.7,-0.1,-1.15,68919.22,59405.459
002182.SZ,20180122,8.63,8.73,8.53,8.73,8.6,0.13,1.51,75413.68,65396.474
002182.SZ,20180123,8.68,8.98,8.68,8.95,8.73,0.22,2.52,143176.14,127055.266
002182.SZ,20180124,8.88,8.9,8.75,8.84,8.95,-0.11,-1.23,90802.02,80020.95
002182.SZ,20180125,8.88,9.01,8.81,8.81,8.84,-0.03,-0.34,94802.57,84494.124
002182.SZ,20180126,8.76,8.79,8.65,8.67,8.81,-0.14,-1.59,82173.85,71411.825
002182.SZ,20180129,8.67,8.76,8.5,8.53,8.67,-0.14,-1.61,78923.31,67988.479
002182.SZ,20180130,8.58,8.62,8.47,8.52,8.53,-0.01,-0.12,58359.19,49788.629
002182.SZ,20180131,8.43,8.5,8.11,8.15,8.52,-0.37,-4.34,115169.06,95220.758
002182.SZ,20180201,8.2,8.23,7.66,7.74,8.15,-0.41,-5.03,104391.4,82613.796
002182.SZ,20180202,7.7,8.05,7.4,7.92,7.74,0.18,2.33,83984.98,64802.549
002182.SZ,20180205,7.63,7.91,7.63,7.83,7.92,-0.09,-1.14,43834.18,34200.769
002182.SZ,20180206,7.61,7.66,7.09,7.1,7.83,-0.73,-9.32,126831.0,93913.573
002182.SZ,20180207,7.3,7.34,6.93,7.18,7.1,0.08,1.13,77850.0,55911.016
002182.SZ,20180208,7.2,7.32,7.15,7.25,7.18,0.07,0.97,47232.46,34231.4
002182.SZ,20180209,7.01,7.14,6.82,6.93,7.25,-0.32,-4.41,79619.96,55784.139
002182.SZ,20180212,7.01,7.18,7.0,7.16,6.93,0.23,3.32,48185.02,34293.249
002182.SZ,20180213,7.19,7.32,7.17,7.19,7.16,0.03,0.42,47450.26,34360.58
002182.SZ,20180214,7.18,7.3,7.15,7.27,7.19,0.08,1.11,33091.0,23929.574
002182.SZ,20180222,7.31,7.62,7.31,7.54,7.27,0.27,3.71,76170.46,57184.602
002182.SZ,20180223,7.56,7.58,7.4,7.5,7.54,-0.04,-0.53,62529.04,46672.39
002182.SZ,20180226,7.52,7.72,7.52,7.69,7.5,0.19,2.53,84360.02,64255.16
002182.SZ,20180227,7.6,7.67,7.5,7.53,7.69,-0.16,-2.08,71978.24,54438.366
002182.SZ,20180228,7.49,7.69,7.4,7.58,7.53,0.05,0.66,75976.64,57410.898
002182.SZ,20180301,7.49,7.64,7.45,7.63,7.58,0.05,0.66,78824.5,59680.936
002182.SZ,20180302,7.56,7.84,7.52,7.7,7.63,0.07,0.92,112486.5,86760.992
002182.SZ,20180305,7.85,8.17,7.72,8.08,7.7,0.38,4.94,189567.48,151798.714
002182.SZ,20180306,8.04,8.12,7.9,8.09,8.08,0.01,0.12,146530.5,117442.092
002182.SZ,20180307,8.09,8.09,7.87,7.88,8.09,-0.21,-2.6,93517.0,74281.515
002182.SZ,20180308,7.87,7.96,7.79,7.86,7.88,-0.02,-0.25,68186.5,53568.708
002182.SZ,20180309,7.91,8.06,7.91,8.0,7.86,0.14,1.78,103104.2,82467.912
002182.SZ,20180312,8.08,8.19,8.01,8.16,8.0,0.16,2.0,127989.04,103833.24
002182.SZ,20180313,8.09,8.11,7.96,8.01,8.16,-0.15,-1.84,102694.0,82401.873
002182.SZ,20180314,8.0,8.17,7.97,8.03,8.01,0.02,0.25,98175.28,79319.214
002182.SZ,20180315,7.98,7.98,7.73,7.84,8.03,-0.19,-2.37,103095.26,80690.773
002182.SZ,20180316,7.83,7.86,7.74,7.76,7.84,-0.08,-1.02,49620.0,38643.685
002182.SZ,20180319,7.74,8.38,7.61,8.11,7.76,0.35,4.51,146274.01,116440.014
002182.SZ,20180320,8.0,8.03,7.9,7.96,8.11,-0.15,-1.85,103971.0,82772.176
002182.SZ,20180321,7.94,8.09,7.88,7.95,7.96,-0.01,-0.13,80938.03,64577.872
002182.SZ,20180322,7.91,8.11,7.91,7.99,7.95,0.04,0.5,93410.08,74928.724
002182.SZ,20180323,7.68,7.78,7.19,7.28,7.99,-0.71,-8.89,165369.6,123933.534
002182.SZ,20180326,7.08,7.37,6.95,7.35,7.28,0.07,0.96,73713.5,53145.849
002182.SZ,20180327,7.43,7.56,7.41,7.45,7.35,0.1,1.36,70702.2,52817.193
002182.SZ,20180328,7.35,7.45,7.3,7.31,7.45,-0.14,-1.88,54586.09,40225.243
002182.SZ,20180329,7.28,7.42,7.26,7.41,7.31,0.1,1.37,64660.5,47506.348
002182.SZ,20180330,7.45,7.48,7.37,7.45,7.41,0.04,0.54,67900.28,50391.102
002182.SZ,20180402,7.4,7.5,7.37,7.4,7.45,-0.05,-0.67,64609.33,48077.794
002182.SZ,20180403,7.28,7.28,6.97,7.07,7.4,-0.33,-4.46,146581.38,103993.434
002182.SZ,20180404,7.05,7.16,7.01,7.02,7.07,-0.05,-0.71,63246.0,44837.099
002182.SZ,20180409,6.86,7.08,6.86,7.0,7.02,-0.02,-0.28,67134.04,46862.388
002182.SZ,20180410,6.98,7.1,6.97,7.08,7.0,0.08,1.14,61183.05,43180.02
002182.SZ,20180411,7.12,7.19,7.1,7.14,7.08,0.06,0.85,68348.5,48824.946
002182.SZ,20180412,7.08,7.12,7.02,7.03,7.14,-0.11,-1.54,48893.75,34534.216
002182.SZ,20180413,7.08,7.18,7.05,7.12,7.03,0.09,1.28,71746.5,51057.152
002182.SZ,20180416,7.04,7.12,6.98,7.01,7.12,-0.11,-1.54,63022.2,44280.506
002182.SZ,20180417,7.05,7.11,6.97,6.97,7.01,-0.04,-0.57,56298.42,39490.658
002182.SZ,20180418,7.03,7.05,6.82,7.02,6.97,0.05,0.72,58914.89,40850.936
002182.SZ,20180419,7.13,7.25,7.08,7.21,7.02,0.19,2.71,142274.34,102089.902
002182.SZ,20180420,7.14,7.14,6.99,7.0,7.21,-0.21,-2.91,84352.28,59555.27
002182.SZ,20180423,6.92,7.04,6.85,6.92,7.0,-0.08,-1.14,46818.0,32458.832
002182.SZ,20180424,6.97,7.08,6.95,7.07,6.92,0.15,2.17,58495.0,41083.906
002182.SZ,20180425,7.02,7.06,6.99,7.0,7.07,-0.07,-0.99,40041.02,28083.228
002182.SZ,20180426,7.0,7.03,6.86,6.86,7.0,-0.14,-2.0,51051.0,35373.281
002182.SZ,20180427,6.92,6.98,6.85,6.97,6.86,0.11,1.6,39637.17,27445.028
002182.SZ,20180502,6.98,7.08,6.98,7.06,6.97,0.09,1.29,53901.04,37931.391
002182.SZ,20180503,7.06,7.14,6.97,7.14,7.06,0.08,1.13,57362.23,40444.21
002182.SZ,20180504,7.1,7.15,7.04,7.06,7.14,-0.08,-1.12,48197.0,34196.166
002182.SZ,20180507,7.08,7.2,7.08,7.17,7.06,0.11,1.56,66764.5,47752.285
002182.SZ,20180508,7.2,7.24,7.14,7.19,7.17,0.02,0.28,57236.52,41158.912
002182.SZ,20180509,7.2,7.2,7.13,7.17,7.19,-0.02,-0.28,48867.23,34966.652
002182.SZ,20180510,7.2,7.22,7.13,7.18,7.17,0.01,0.14,43934.38,31503.626
002182.SZ,20180511,7.2,7.28,7.16,7.21,7.18,0.03,0.42,89087.0,64490.961
002182.SZ,20180514,7.26,7.68,7.19,7.5,7.21,0.29,4.02,197439.88,145929.959
002182.SZ,20180515,7.43,7.62,7.39,7.61,7.5,0.11,1.47,183055.48,137807.597
002182.SZ,20180516,7.55,7.9,7.51,7.66,7.61,0.05,0.66,211537.18,163993.397
002182.SZ,20180517,7.65,7.76,7.55,7.66,7.66,0.0,0.0,127267.22,97384.505
002182.SZ,20180518,7.66,7.86,7.61,7.84,7.66,0.18,2.35,147349.96,114566.566
002182.SZ,20180521,7.89,8.03,7.77,7.77,7.84,-0.07,-0.89,157472.02,123584.367
002182.SZ,20180522,7.72,7.8,7.62,7.79,7.77,0.02,0.26,126791.82,97397.681
002182.SZ,20180523,7.7,7.73,7.5,7.51,7.79,-0.28,-3.59,125038.12,94979.212
002182.SZ,20180524,7.55,7.6,7.46,7.5,7.51,-0.01,-0.13,64867.1,48812.683
002182.SZ,20180525,7.5,7.62,7.46,7.47,7.5,-0.03,-0.4,77648.0,58506.721
002182.SZ,20180528,7.5,7.54,7.28,7.31,7.47,-0.16,-2.14,74762.49,55320.779
002182.SZ,20180529,7.35,7.53,7.3,7.4,7.31,0.09,1.23,76165.08,56560.216
002182.SZ,20180530,7.29,7.29,6.94,6.98,7.4,-0.42,-5.68,130259.92,92466.682
002182.SZ,20180531,7.05,7.18,7.02,7.08,6.98,0.1,1.43,61854.0,43819.767
002182.SZ,20180601,7.05,7.14,6.86,6.94,7.08,-0.14,-1.98,103620.8,72427.628
002182.SZ,20180604,7.05,7.06,6.9,6.97,6.94,0.03,0.43,52614.0,36733.168
002182.SZ,20180605,6.96,7.12,6.94,7.11,6.97,0.14,2.01,55766.48,39299.698
002182.SZ,20180606,7.14,7.31,7.1,7.25,7.11,0.14,1.97,91174.0,65932.905
002182.SZ,20180607,7.33,7.36,7.16,7.17,7.25,-0.08,-1.1,72971.0,52826.43
002182.SZ,20180608,7.15,7.16,6.98,7.05,7.17,-0.12,-1.67,66369.96,46726.967
002182.SZ,20180611,7.07,7.1,6.95,7.04,7.05,-0.01,-0.14,34527.04,24300.723
002182.SZ,20180612,7.04,7.08,6.9,7.05,7.04,0.01,0.14,50131.52,35039.452
002182.SZ,20180613,7.05,7.06,6.8,6.8,7.05,-0.25,-3.55,83693.74,57645.065
002182.SZ,20180614,6.8,6.92,6.79,6.83,6.8,0.03,0.44,38286.98,26236.203
002182.SZ,20180615,6.83,6.88,6.58,6.63,6.83,-0.2,-2.93,57677.26,38500.748
002182.SZ,20180619,6.31,6.48,5.97,5.97,6.63,-0.66,-9.95,110552.66,68019.225
002182.SZ,20180620,5.92,6.11,5.86,6.03,5.97,0.06,1.01,65830.0,39443.748
002182.SZ,20180621,6.0,6.09,5.79,5.8,5.95,-0.15,-2.52,67611.0,40228.304
002182.SZ,20180622,5.7,5.92,5.63,5.9,5.8,0.1,1.72,42122.78,24541.095
002182.SZ,20180625,5.97,5.99,5.81,5.81,5.9,-0.09,-1.53,45575.74,26844.856
002182.SZ,20180626,5.71,5.91,5.63,5.91,5.81,0.1,1.72,48072.39,27901.174
002182.SZ,20180627,5.92,5.92,5.82,5.85,5.91,-0.06,-1.02,34585.3,20299.194
002182.SZ,20180628,5.79,5.95,5.77,5.85,5.85,0.0,0.0,38169.0,22474.026
002182.SZ,20180629,5.9,6.09,5.87,6.09,5.85,0.24,4.1,60413.46,36311.883
002182.SZ,20180702,6.09,6.28,6.01,6.19,6.09,0.1,1.64,94617.42,57972.31
002182.SZ,20180703,6.33,6.39,6.14,6.28,6.19,0.09,1.45,101683.42,63571.026
002182.SZ,20180704,6.26,6.42,6.2,6.25,6.28,-0.03,-0.48,95722.07,60480.161
002182.SZ,20180705,6.27,6.27,5.94,5.94,6.25,-0.31,-4.96,76789.6,46588.36
002182.SZ,20180706,5.97,6.04,5.83,5.95,5.94,0.01,0.17,68917.2,40961.987
002182.SZ,20180709,6.0,6.12,5.97,6.11,5.95,0.16,2.69,56734.75,34430.029
002182.SZ,20180710,6.16,6.27,6.11,6.19,6.11,0.08,1.31,77931.63,48260.114
002182.SZ,20180711,6.14,6.14,5.9,6.04,6.19,-0.15,-2.42,82936.94,49913.603
002182.SZ,20180712,6.01,6.23,6.01,6.19,6.04,0.15,2.48,86209.16,53107.973
002182.SZ,20180713,6.2,6.69,6.13,6.4,6.19,0.21,3.39,159312.93,101467.904
002182.SZ,20180716,6.34,6.37,6.24,6.3,6.4,-0.1,-1.56,95901.05,60304.709
002182.SZ,20180717,6.28,6.28,6.17,6.27,6.3,-0.03,-0.48,54847.77,34197.086
002182.SZ,20180718,6.27,6.32,6.24,6.24,6.27,-0.03,-0.48,60938.64,38270.615
002182.SZ,20180719,6.28,6.29,6.09,6.14,6.24,-0.1,-1.6,51286.0,31627.576
002182.SZ,20180720,6.1,6.23,6.04,6.2,6.14,0.06,0.9772,45923.66,28256.458
002182.SZ,20180723,6.18,6.34,6.13,6.33,6.2,0.13,2.0968,94532.92,59035.1
002182.SZ,20180724,6.33,6.62,6.32,6.55,6.33,0.22,3.4755,174991.39,113812.361
002182.SZ,20180725,6.61,6.65,6.48,6.55,6.55,0.0,0.0,134032.66,88080.071
002182.SZ,20180726,6.6,6.61,6.48,6.5,6.55,-0.05,-0.7634,90816.36,59242.138
002182.SZ,20180727,6.51,6.64,6.49,6.51,6.5,0.01,0.1538,84573.0,55374.854
002182.SZ,20180730,6.49,6.63,6.45,6.56,6.51,0.05,0.768,77181.04,50568.734
002182.SZ,20180731,6.46,6.5,6.37,6.41,6.56,-0.15,-2.2866,96629.6,62031.315
002182.SZ,20180801,6.44,6.45,6.23,6.28,6.41,-0.13,-2.0281,88424.42,56107.927
002182.SZ,20180802,6.32,6.39,6.01,6.16,6.28,-0.12,-1.9108,112991.76,70030.907
002182.SZ,20180803,6.11,6.65,6.09,6.43,6.16,0.27,4.3831,245928.74,158052.828
002182.SZ,20180806,6.36,7.07,6.12,6.8,6.43,0.37,5.7543,318486.1,210600.233
002182.SZ,20180807,6.65,7.17,6.63,7.06,6.8,0.26,3.8235,353961.67,245088.766
002182.SZ,20180808,7.06,7.17,6.92,6.93,7.06,-0.13,-1.8414,260444.3,182873.362
002182.SZ,20180809,6.9,7.15,6.88,6.99,6.93,0.06,0.8658,234166.86,165062.382
002182.SZ,20180810,6.94,7.03,6.79,6.94,6.99,-0.05,-0.7153,191613.73,132401.103
002182.SZ,20180813,6.84,7.18,6.7,7.12,6.94,0.18,2.5937,235725.78,163425.673
002182.SZ,20180814,7.09,7.2,6.98,7.08,7.12,-0.04,-0.5618,202895.97,143804.564
002182.SZ,20180815,7.05,7.11,6.85,6.87,7.08,-0.21,-2.9661,143153.17,99573.941
002182.SZ,20180816,6.76,6.94,6.66,6.79,6.87,-0.08,-1.1645,109447.53,74530.127
002182.SZ,20180817,6.88,6.93,6.57,6.57,6.79,-0.22,-3.2401,120607.57,81205.785
002182.SZ,20180820,6.51,6.62,6.36,6.59,6.57,0.02,0.3044,93910.0,61189.698
002182.SZ,20180821,6.6,6.75,6.57,6.74,6.59,0.15,2.2762,88586.78,59051.989
002182.SZ,20180822,6.7,6.7,6.58,6.58,6.74,-0.16,-2.3739,68584.31,45514.733
002182.SZ,20180823,6.57,6.72,6.55,6.68,6.58,0.1,1.5198,68022.59,45359.168
002182.SZ,20180824,6.63,6.83,6.63,6.72,6.68,0.04,0.5988,71442.21,47989.844
002182.SZ,20180827,6.76,7.05,6.75,6.94,6.72,0.22,3.2738,132663.12,91980.312
002182.SZ,20180828,7.0,7.15,6.87,7.07,6.94,0.13,1.8732,193292.09,135843.722
002182.SZ,20180829,7.07,7.08,6.91,7.01,7.07,-0.06,-0.8487,108420.24,75858.882
002182.SZ,20180830,6.99,7.03,6.81,6.81,7.01,-0.2,-2.8531,82580.27,56846.512
002182.SZ,20180831,6.83,6.94,6.8,6.88,6.81,0.07,1.0279,72185.28,49681.386
002182.SZ,20180903,6.91,7.03,6.73,7.0,6.88,0.12,1.7442,91514.88,63043.302
002182.SZ,20180904,6.89,7.14,6.89,7.1,7.0,0.1,1.4286,127401.32,89765.585
002182.SZ,20180905,7.05,7.24,7.03,7.05,7.1,-0.05,-0.7042,181009.75,129199.324
002182.SZ,20180906,7.03,7.19,6.89,6.93,7.05,-0.12,-1.7021,139427.0,98048.518
002182.SZ,20180907,6.9,7.09,6.87,6.94,6.93,0.01,0.1443,84134.0,58696.932
002182.SZ,20180910,6.9,6.96,6.67,6.69,6.94,-0.25,-3.6023,74438.78,50678.483
002182.SZ,20180911,6.69,6.78,6.62,6.78,6.69,0.09,1.3453,61454.14,41245.736
002182.SZ,20180912,6.78,6.84,6.7,6.78,6.78,0.0,0.0,38880.64,26368.538
002182.SZ,20180913,6.87,7.02,6.81,7.02,6.78,0.24,3.5398,70324.73,48572.183
002182.SZ,20180914,7.02,7.05,6.81,6.81,7.02,-0.21,-2.9915,80138.8,55525.127
002182.SZ,20180917,6.86,7.25,6.84,7.2,6.81,0.39,5.7269,288605.29,205270.957
002182.SZ,20180918,7.06,7.34,7.05,7.34,7.2,0.14,1.9444,246395.47,177159.21
002182.SZ,20180919,7.35,7.44,7.22,7.28,7.34,-0.06,-0.8174,238529.08,174503.757
002182.SZ,20180920,7.19,7.36,7.12,7.15,7.28,-0.13,-1.7857,198390.98,143202.078
002182.SZ,20180921,7.16,7.3,7.07,7.28,7.15,0.13,1.8182,167320.2,120805.387
002182.SZ,20180925,7.21,7.26,7.1,7.19,7.28,-0.09,-1.2363,94070.18,67550.979
002182.SZ,20180926,7.2,7.28,7.12,7.18,7.19,-0.01,-0.1391,135282.82,97283.861
002182.SZ,20180927,7.17,7.17,6.96,6.98,7.18,-0.2,-2.7855,145280.22,102412.886
002182.SZ,20180928,7.06,7.13,6.98,7.12,6.98,0.14,2.0057,83671.35,59142.413
002182.SZ,20181008,6.96,7.15,6.9,6.91,7.12,-0.21,-2.9494,94423.13,66299.713
002182.SZ,20181009,6.99,7.08,6.92,7.08,6.91,0.17,2.4602,77616.38,54311.651
002182.SZ,20181010,7.1,7.11,6.92,7.0,7.08,-0.08,-1.1299,82485.13,57674.896
002182.SZ,20181011,6.75,6.83,6.3,6.34,7.0,-0.66,-9.4286,166702.0,109050.63
002182.SZ,20181012,6.24,6.35,5.85,6.19,6.34,-0.15,-2.3659,122338.22,74949.39
002182.SZ,20181015,6.18,6.27,6.03,6.06,6.19,-0.13,-2.1002,59968.57,36901.118
002182.SZ,20181016,6.08,6.14,5.85,5.91,6.06,-0.15,-2.4752,52655.92,31488.201
002182.SZ,20181017,6.04,6.04,5.78,5.97,5.91,0.06,1.0152,54235.0,32152.226
002182.SZ,20181018,5.93,5.96,5.81,5.92,5.97,-0.05,-0.8375,44457.23,26145.874
002182.SZ,20181019,5.87,6.16,5.82,6.13,5.92,0.21,3.5473,71007.35,42873.158
002182.SZ,20181022,6.19,6.54,6.15,6.35,6.13,0.22,3.5889,134273.15,84819.099
002182.SZ,20181023,6.99,6.99,6.99,6.99,6.35,0.64,10.0787,72036.84,50353.751
002182.SZ,20181024,6.97,6.97,6.59,6.71,6.99,-0.28,-4.0057,233396.23,159219.582
002182.SZ,20181025,6.41,6.83,6.35,6.75,6.71,0.04,0.5961,171809.16,114123.165
002182.SZ,20181026,6.76,6.97,6.71,6.78,6.75,0.03,0.4444,134450.04,91654.024
002182.SZ,20181029,6.7,6.79,6.6,6.63,6.78,-0.15,-2.2124,83243.0,55671.681
002182.SZ,20181030,6.67,6.8,6.57,6.75,6.63,0.12,1.81,83814.0,56197.122
002182.SZ,20181031,6.71,7.05,6.71,6.89,6.75,0.14,2.0741,152626.56,105642.293
002182.SZ,20181101,6.89,7.02,6.8,6.8,6.89,-0.09,-1.3062,136370.25,94197.091
002182.SZ,20181102,6.92,7.0,6.86,6.96,6.8,0.16,2.3529,123394.43,85749.062
002182.SZ,20181105,6.96,7.12,6.92,7.01,6.96,0.05,0.7184,114551.99,80546.062
002182.SZ,20181106,7.01,7.13,6.91,7.1,7.01,0.09,1.2839,98872.19,69713.302
002182.SZ,20181107,7.07,7.19,6.99,6.99,7.1,-0.11,-1.5493,106773.98,75706.898
002182.SZ,20181108,7.08,7.1,6.89,6.91,6.99,-0.08,-1.1445,78674.74,54841.815
002182.SZ,20181109,6.86,6.96,6.85,6.91,6.91,0.0,0.0,49755.0,34430.653
002182.SZ,20181112,6.87,7.04,6.8,7.03,6.91,0.12,1.7366,62146.82,43329.883
002182.SZ,20181113,6.98,7.17,6.94,7.11,7.03,0.08,1.138,101368.37,71912.798
002182.SZ,20181114,7.11,7.16,7.03,7.05,7.11,-0.06,-0.8439,76317.41,54144.094
002182.SZ,20181115,7.06,7.13,7.01,7.12,7.05,0.07,0.9929,81800.99,57882.464
002182.SZ,20181116,7.15,7.16,7.06,7.09,7.12,-0.03,-0.4213,76976.49,54655.525
002182.SZ,20181119,7.1,7.16,7.0,7.14,7.09,0.05,0.7052,102960.54,72951.95
002182.SZ,20181120,7.07,7.11,6.9,6.9,7.14,-0.24,-3.3613,86002.02,60299.086
002182.SZ,20181121,6.8,6.97,6.8,6.92,6.9,0.02,0.2899,64836.78,44679.95
002182.SZ,20181122,6.94,6.97,6.83,6.85,6.92,-0.07,-1.0116,53532.02,36840.941
002182.SZ,20181123,6.86,6.88,6.52,6.52,6.85,-0.33,-4.8175,92053.81,61360.745
002182.SZ,20181126,6.52,6.65,6.5,6.54,6.52,0.02,0.3067,41387.71,27175.023
002182.SZ,20181127,6.6,6.65,6.52,6.56,6.54,0.02,0.3058,41126.68,27016.695
002182.SZ,20181128,6.55,6.74,6.47,6.72,6.56,0.16,2.439,55686.07,36979.258
002182.SZ,20181129,6.75,6.89,6.64,6.65,6.72,-0.07,-1.0417,55300.26,37383.629
002182.SZ,20181130,6.65,6.84,6.6,6.74,6.65,0.09,1.3534,55218.4,37063.836
002182.SZ,20181203,7.0,7.0,6.83,6.88,6.74,0.14,2.0772,79280.17,54746.177
002182.SZ,20181204,6.93,6.95,6.85,6.92,6.88,0.04,0.5814,53501.01,36938.174
002182.SZ,20181205,6.84,7.08,6.72,7.0,6.92,0.08,1.1561,113633.57,79274.354
002182.SZ,20181206,6.93,7.02,6.85,6.94,7.0,-0.06,-0.8571,83396.01,57926.808
002182.SZ,20181207,6.92,7.0,6.91,6.93,6.94,-0.01,-0.1441,42007.82,29167.95
002182.SZ,20181210,6.9,7.04,6.83,7.0,6.93,0.07,1.0101,75258.89,52562.113
002182.SZ,20181211,7.03,7.04,6.87,6.95,7.0,-0.05,-0.7143,65671.64,45485.492
002182.SZ,20181212,7.0,7.0,6.88,6.89,6.95,-0.06,-0.8633,35907.37,24847.011
002182.SZ,20181213,6.91,7.03,6.83,6.99,6.89,0.1,1.4514,77670.48,54071.407
002182.SZ,20181214,6.92,6.98,6.77,6.77,6.99,-0.22,-3.1474,58312.36,40199.2
002182.SZ,20181217,6.77,6.97,6.75,6.95,6.77,0.18,2.6588,63009.77,43382.281
002182.SZ,20181218,6.92,6.96,6.79,6.86,6.95,-0.09,-1.295,46011.79,31591.132
002182.SZ,20181219,6.83,6.88,6.79,6.81,6.86,-0.05,-0.7289,28038.0,19149.225
002182.SZ,20181220,6.81,6.88,6.7,6.75,6.81,-0.06,-0.8811,42778.56,29013.845
002182.SZ,20181221,6.76,6.82,6.7,6.74,6.75,-0.01,-0.1481,34526.96,23353.825
002182.SZ,20181224,6.74,6.85,6.73,6.8,6.74,0.06,0.8902,37361.96,25300.793
002182.SZ,20181225,6.74,6.75,6.49,6.62,6.8,-0.18,-2.6471,64429.23,42352.734
002182.SZ,20181226,6.75,6.84,6.47,6.5,6.62,-0.12,-1.8127,79895.28,53063.016
002182.SZ,20181227,6.59,6.62,6.2,6.21,6.5,-0.29,-4.4615,79976.03,51315.535
002182.SZ,20181228,6.21,6.37,6.21,6.24,6.21,0.03,0.4831,53806.96,33841.943
002182.SZ,20190102,6.25,6.34,6.08,6.14,6.24,-0.1,-1.6026,61496.32,38006.013
002182.SZ,20190103,6.15,6.33,6.13,6.29,6.14,0.15,2.443,64710.76,40610.216
002182.SZ,20190104,6.21,6.42,6.21,6.38,6.29,0.09,1.4308,47976.69,30409.199
002182.SZ,20190107,6.43,6.61,6.37,6.54,6.38,0.16,2.5078,70006.97,45543.255
002182.SZ,20190108,6.54,6.61,6.45,6.49,6.54,-0.05,-0.7645,62923.53,41003.186
002182.SZ,20190109,6.45,6.62,6.45,6.47,6.49,-0.02,-0.3082,65997.04,43187.173
002182.SZ,20190110,6.48,6.58,6.48,6.53,6.47,0.06,0.9274,51521.25,33637.77
002182.SZ,20190111,6.48,6.53,6.42,6.48,6.53,-0.05,-0.7657,54121.47,35032.444
002182.SZ,20190114,6.47,6.6,6.47,6.55,6.48,0.07,1.0802,61219.93,40049.296
002182.SZ,20190115,6.49,6.54,6.45,6.53,6.55,-0.02,-0.3053,48389.64,31457.67
002182.SZ,20190116,6.52,6.59,6.5,6.57,6.53,0.04,0.6126,42639.98,27921.526
002182.SZ,20190117,6.54,6.55,6.33,6.46,6.57,-0.11,-1.6743,79935.05,51320.488
002182.SZ,20190118,6.47,6.76,6.39,6.63,6.46,0.17,2.6316,168593.09,111215.878
002182.SZ,20190121,6.59,6.65,6.52,6.6,6.63,-0.03,-0.4525,98297.13,64857.544
002182.SZ,20190122,6.66,6.93,6.65,6.7,6.6,0.1,1.5152,151584.7,102303.641
002182.SZ,20190123,6.61,6.72,6.56,6.64,6.7,-0.06,-0.8955,89581.01,59408.415
002182.SZ,20190124,6.64,6.68,6.5,6.66,6.64,0.02,0.3012,73716.22,48722.351
002182.SZ,20190125,6.68,6.68,6.52,6.52,6.66,-0.14,-2.1021,64950.0,42727.429
002182.SZ,20190128,6.54,6.63,6.45,6.5,6.52,-0.02,-0.3067,56272.89,36772.712
002182.SZ,20190129,6.49,6.52,6.22,6.32,6.5,-0.18,-2.7692,72224.6,45927.2
002182.SZ,20190130,6.31,6.4,6.29,6.35,6.32,0.03,0.4747,35806.25,22751.092
002182.SZ,20190131,6.33,6.35,6.12,6.15,6.35,-0.2,-3.1496,86388.08,53812.66
002182.SZ,20190201,6.19,6.34,6.16,6.31,6.15,0.16,2.6016,38033.07,23867.973
002182.SZ,20190211,6.46,6.65,6.41,6.57,6.31,0.26,4.1204,90734.1,59209.176
002182.SZ,20190212,6.54,7.13,6.53,6.85,6.57,0.28,4.2618,197219.84,133949.835
002182.SZ,20190213,6.86,7.09,6.76,6.96,6.85,0.11,1.6058,258825.54,179851.257
002182.SZ,20190214,6.96,6.96,6.81,6.88,6.96,-0.08,-1.1494,140544.84,96830.725
002182.SZ,20190215,6.88,7.03,6.85,6.95,6.88,0.07,1.0174,123470.03,85306.934
002182.SZ,20190218,6.95,7.11,6.91,7.11,6.95,0.16,2.3022,229953.15,161633.892
002182.SZ,20190219,7.12,7.15,6.91,7.05,7.11,-0.06,-0.8439,174721.88,122944.17
002182.SZ,20190220,7.0,7.25,6.99,7.11,7.05,0.06,0.8511,195175.51,139415.624
002182.SZ,20190221,7.11,7.14,6.94,6.96,7.11,-0.15,-2.1097,183490.02,129291.548
002182.SZ,20190222,6.97,7.66,6.96,7.61,6.96,0.65,9.3391,513309.54,379808.592
002182.SZ,20190225,7.61,8.05,7.49,7.92,7.61,0.31,4.0736,512355.99,399749.365
002182.SZ,20190226,7.83,7.93,7.54,7.69,7.92,-0.23,-2.904,442880.59,343119.688
002182.SZ,20190227,7.62,8.06,7.58,7.99,7.69,0.3,3.9012,409220.11,319630.207
002182.SZ,20190228,7.99,7.99,7.71,7.83,7.99,-0.16,-2.0025,278354.36,218548.417
002182.SZ,20190301,7.8,7.85,7.64,7.78,7.83,-0.05,-0.6386,172314.83,133095.262
002182.SZ,20190304,7.8,7.95,7.71,7.78,7.78,0.0,0.0,311206.56,243437.22
002182.SZ,20190305,7.71,7.93,7.68,7.93,7.78,0.15,1.928,244840.14,191253.926
002182.SZ,20190306,7.93,8.23,7.83,8.08,7.93,0.15,1.8916,391898.22,313694.911
002182.SZ,20190307,7.99,8.44,7.93,8.14,8.08,0.06,0.7426,406959.2,332334.058
002182.SZ,20190308,7.96,8.03,7.78,7.78,8.14,-0.36,-4.4226,322747.75,255595.404
002182.SZ,20190311,7.79,8.07,7.79,8.05,7.78,0.27,3.4704,177365.91,141032.504
002182.SZ,20190312,8.12,8.49,8.09,8.29,8.05,0.24,2.9814,412933.22,343658.722
002182.SZ,20190313,8.33,8.7,8.25,8.51,8.29,0.22,2.6538,384060.75,326913.408
002182.SZ,20190314,8.43,8.68,8.11,8.26,8.51,-0.25,-2.9377,211130.29,176423.568
002182.SZ,20190315,8.35,8.54,8.28,8.43,8.26,0.17,2.0581,144779.24,121759.847
002182.SZ,20190318,8.69,9.08,8.6,9.02,8.43,0.59,6.9988,372584.61,331899.212
002182.SZ,20190319,9.0,9.07,8.7,8.91,9.02,-0.11,-1.2195,229047.27,203229.695
002182.SZ,20190320,8.9,9.5,8.83,9.43,8.91,0.52,5.8361,370564.52,344709.41
002182.SZ,20190321,9.15,9.57,9.07,9.42,9.43,-0.01,-0.106,403861.25,374079.423
002182.SZ,20190322,9.31,9.35,9.11,9.23,9.42,-0.19,-2.017,195166.12,179818.275
002182.SZ,20190325,9.08,9.1,8.75,8.76,9.23,-0.47,-5.0921,258521.58,230346.002
002182.SZ,20190326,8.87,9.02,8.42,8.94,8.76,0.18,2.0548,275936.24,240884.752
002182.SZ,20190327,8.81,8.88,8.65,8.71,8.94,-0.23,-2.5727,138628.01,121232.954
002182.SZ,20190328,8.7,8.87,8.51,8.51,8.71,-0.2,-2.2962,128796.02,111832.464
002182.SZ,20190329,8.48,8.65,8.18,8.64,8.51,0.13,1.5276,198836.4,168328.641
002182.SZ,20190401,8.79,8.99,8.62,8.92,8.64,0.28,3.2407,266353.95,235327.292
002182.SZ,20190402,8.93,9.18,8.76,9.08,8.92,0.16,1.7937,301150.95,268532.929
002182.SZ,20190403,8.91,9.04,8.9,8.97,9.08,-0.11,-1.2115,137333.78,123206.918
002182.SZ,20190404,9.02,9.13,8.94,8.98,8.97,0.01,0.1115,147199.26,132598.037
002182.SZ,20190408,9.05,9.17,8.87,8.98,8.98,0.0,0.0,180194.75,162648.302
002182.SZ,20190409,8.95,8.95,8.67,8.85,8.98,-0.13,-1.4477,156436.42,138020.723
002182.SZ,20190410,8.85,8.85,8.62,8.73,8.85,-0.12,-1.3559,130068.91,113202.041
002182.SZ,20190411,8.77,8.8,8.48,8.59,8.73,-0.14,-1.6037,131819.61,113876.792
002182.SZ,20190412,8.58,8.73,8.54,8.62,8.59,0.03,0.3492,89453.12,77394.276
002182.SZ,20190415,8.73,8.87,8.61,8.62,8.62,0.0,0.0,116277.97,102043.732
002182.SZ,20190416,8.6,8.87,8.5,8.86,8.62,0.24,2.7842,115156.98,100948.136
002182.SZ,20190417,8.9,8.95,8.79,8.85,8.86,-0.01,-0.1129,106625.15,94428.682
002182.SZ,20190418,8.86,9.06,8.82,8.91,8.85,0.06,0.678,134357.56,120505.03
002182.SZ,20190419,8.95,9.12,8.82,9.02,8.91,0.11,1.2346,141804.19,127398.549
002182.SZ,20190422,9.01,9.32,8.87,9.19,9.02,0.17,1.8847,216368.58,197402.39
002182.SZ,20190423,9.17,9.48,8.92,9.2,9.19,0.01,0.1088,204259.65,187384.158
002182.SZ,20190424,9.12,9.12,8.28,8.42,9.2,-0.78,-8.4783,381042.08,324604.448
002182.SZ,20190425,8.38,8.47,8.0,8.03,8.42,-0.39,-4.6318,184591.43,151542.2
002182.SZ,20190426,7.97,7.97,7.65,7.8,8.03,-0.23,-2.8643,176717.91,137354.512
002182.SZ,20190429,7.8,8.04,7.6,7.9,7.8,0.1,1.2821,142404.16,111918.652
002182.SZ,20190430,7.91,7.95,7.76,7.9,7.9,0.0,0.0,57967.02,45605.695
002182.SZ,20190506,7.6,7.71,7.2,7.25,7.9,-0.65,-8.2278,102906.0,76731.386
002182.SZ,20190507,7.29,7.42,7.21,7.3,7.25,0.05,0.6897,60210.07,44051.365
002182.SZ,20190508,7.28,7.39,7.1,7.28,7.3,-0.02,-0.274,72449.35,52787.32
002182.SZ,20190509,7.22,7.36,7.2,7.35,7.28,0.07,0.9615,48543.02,35406.87
002182.SZ,20190510,7.35,7.89,7.2,7.76,7.35,0.41,5.5782,122459.88,92415.98
002182.SZ,20190513,7.7,7.7,7.55,7.6,7.76,-0.16,-2.0619,55092.73,41934.6
002182.SZ,20190514,7.51,7.78,7.48,7.64,7.6,0.04,0.5263,63695.34,48658.505
002182.SZ,20190515,7.68,7.73,7.62,7.72,7.64,0.08,1.0471,58456.86,44890.822
002182.SZ,20190516,7.66,7.95,7.66,7.85,7.72,0.13,1.6839,93570.7,73509.167
002182.SZ,20190517,7.89,7.92,7.42,7.46,7.85,-0.39,-4.9682,89865.26,68753.744
002182.SZ,20190520,7.4,7.64,7.27,7.59,7.46,0.13,1.7426,67328.33,50027.28
002182.SZ,20190521,7.56,8.0,7.5,7.83,7.59,0.24,3.1621,114337.33,88842.082
002182.SZ,20190522,7.8,7.82,7.59,7.65,7.83,-0.18,-2.2989,84795.31,65291.052
002182.SZ,20190523,7.6,7.62,7.43,7.48,7.65,-0.17,-2.2222,63381.0,47553.371
002182.SZ,20190524,7.44,7.57,7.42,7.45,7.48,-0.03,-0.4011,38838.0,29062.447
002182.SZ,20190527,7.33,7.53,7.05,7.53,7.45,0.08,1.0738,98558.67,72256.601
002182.SZ,20190528,7.46,7.47,7.33,7.39,7.43,-0.04,-0.5384,70884.97,52416.07
002182.SZ,20190529,7.4,7.55,7.34,7.5,7.39,0.11,1.4885,80191.66,59870.031
002182.SZ,20190530,7.4,8.25,7.34,7.98,7.5,0.48,6.4,340174.23,270243.265
002182.SZ,20190531,7.71,8.26,7.65,7.84,7.98,-0.14,-1.7544,330149.66,261423.684
002182.SZ,20190603,7.82,7.95,7.51,7.53,7.84,-0.31,-3.9541,186853.72,143513.502
002182.SZ,20190604,7.6,7.6,7.33,7.4,7.53,-0.13,-1.7264,80897.0,60249.361
002182.SZ,20190605,7.48,7.62,7.43,7.49,7.4,0.09,1.2162,81531.14,61448.015
002182.SZ,20190606,7.49,7.68,7.4,7.47,7.49,-0.02,-0.267,89904.22,67985.959
002182.SZ,20190610,7.54,7.6,7.2,7.53,7.47,0.06,0.8032,106168.92,79151.826
002182.SZ,20190611,7.5,7.93,7.45,7.88,7.53,0.35,4.6481,180360.92,140373.01
002182.SZ,20190612,7.85,8.39,7.78,8.01,7.88,0.13,1.6497,308575.52,248824.55
002182.SZ,20190613,8.01,8.25,7.86,8.09,8.01,0.08,0.9988,203283.56,164358.765
002182.SZ,20190614,8.1,8.32,7.92,7.99,8.09,-0.1,-1.2361,178020.26,143843.75
002182.SZ,20190617,7.95,8.33,7.86,8.28,7.99,0.29,3.6295,231060.49,188901.871
002182.SZ,20190618,8.19,8.24,7.86,8.07,8.28,-0.21,-2.5362,211658.51,169875.668
002182.SZ,20190619,8.18,8.2,8.01,8.05,8.07,-0.02,-0.2478,144569.48,117030.96
002182.SZ,20190620,7.97,8.29,7.93,8.25,8.05,0.2,2.4845,205401.3,166990.063
002182.SZ,20190621,8.33,8.45,8.22,8.3,8.25,0.05,0.6061,229549.66,191475.817
002182.SZ,20190624,8.2,8.28,8.09,8.21,8.3,-0.09,-1.0843,122397.35,100060.081
002182.SZ,20190625,8.19,8.21,7.81,7.86,8.21,-0.35,-4.2631,185443.38,147299.873
002182.SZ,20190626,7.79,7.91,7.74,7.8,7.86,-0.06,-0.7634,96755.11,75577.07
002182.SZ,20190627,7.79,7.88,7.75,7.83,7.8,0.03,0.3846,84215.67,65837.818
002182.SZ,20190628,7.84,7.86,7.53,7.61,7.83,-0.22,-2.8097,100738.7,77066.148
002182.SZ,20190701,7.72,7.87,7.64,7.82,7.61,0.21,2.7595,134656.92,104546.108
002182.SZ,20190702,7.82,7.84,7.74,7.76,7.82,-0.06,-0.7673,68433.0,53267.344
002182.SZ,20190703,7.74,7.79,7.59,7.68,7.76,-0.08,-1.0309,74487.0,57172.001
002182.SZ,20190704,7.66,7.66,7.52,7.56,7.68,-0.12,-1.5625,82716.12,62779.849
002182.SZ,20190705,7.54,7.67,7.51,7.64,7.56,0.08,1.0582,58599.52,44595.987
002182.SZ,20190708,7.63,7.63,7.42,7.48,7.64,-0.16,-2.0942,57260.02,42945.682
002182.SZ,20190709,7.95,7.99,7.7,7.76,7.48,0.28,3.7433,198237.99,155234.707
002182.SZ,20190710,7.84,8.07,7.8,8.01,7.76,0.25,3.2216,235536.25,186772.626
002182.SZ,20190711,8.1,8.4,7.96,8.23,8.01,0.22,2.7466,268787.24,220887.814
002182.SZ,20190712,8.14,8.54,8.02,8.37,8.23,0.14,1.7011,304454.12,254605.658
002182.SZ,20190715,8.34,8.36,8.16,8.33,8.37,-0.04,-0.4779,179543.32,148450.964
002182.SZ,20190716,8.33,8.44,8.17,8.4,8.33,0.07,0.8403,181966.12,151121.519
002182.SZ,20190717,8.32,8.35,8.17,8.24,8.4,-0.16,-1.9048,143021.94,118135.137
002182.SZ,20190718,8.27,8.56,8.19,8.35,8.24,0.11,1.335,269681.56,226833.247
002182.SZ,20190719,8.38,8.54,8.25,8.52,8.35,0.17,2.0359,244609.56,205595.754
002182.SZ,20190722,8.48,8.48,7.95,8.0,8.52,-0.52,-6.1033,233423.04,190053.265
002182.SZ,20190723,8.0,8.2,7.95,8.14,8.0,0.14,1.75,131855.65,106766.282
002182.SZ,20190724,8.21,8.41,8.18,8.4,8.14,0.26,3.1941,168486.16,139894.327
002182.SZ,20190725,8.38,8.51,8.26,8.5,8.4,0.1,1.1905,190220.5,159241.83
002182.SZ,20190726,8.65,8.92,8.65,8.68,8.5,0.18,2.1176,416844.72,365670.375
002182.SZ,20190729,8.71,8.94,8.71,8.79,8.68,0.11,1.2673,301272.78,266423.293
002182.SZ,20190730,8.9,8.99,8.78,8.78,8.79,-0.01,-0.1138,251259.53,222951.783
002182.SZ,20190731,8.85,9.18,8.78,9.11,8.78,0.33,3.7585,365742.79,330209.215
002182.SZ,20190801,9.0,9.13,8.94,9.02,9.11,-0.09,-0.9879,191860.72,173051.566
002182.SZ,20190802,8.88,9.22,8.79,9.2,9.02,0.18,1.9956,299283.23,270989.781
002182.SZ,20190805,9.1,9.11,8.74,8.79,9.2,-0.41,-4.4565,249046.42,222055.226
002182.SZ,20190806,8.62,9.08,8.56,9.07,8.79,0.28,3.1854,293984.89,260879.825
002182.SZ,20190807,9.0,9.05,8.68,8.85,9.07,-0.22,-2.4256,225319.2,199563.986
002182.SZ,20190808,8.85,8.9,8.75,8.75,8.85,-0.1,-1.1299,144129.72,127028.539
002182.SZ,20190809,8.82,9.21,8.74,9.06,8.75,0.31,3.5429,363986.3,329457.16
002182.SZ,20190812,9.0,9.18,8.83,9.18,9.06,0.12,1.3245,242881.13,218122.695
002182.SZ,20190813,9.03,9.17,8.96,9.03,9.18,-0.15,-1.634,159856.32,144549.522
002182.SZ,20190814,9.17,9.8,9.08,9.6,9.03,0.57,6.3123,453451.74,429636.396
002182.SZ,20190815,9.4,9.7,9.36,9.67,9.6,0.07,0.7292,325139.45,310315.022
002182.SZ,20190816,9.6,9.88,9.49,9.5,9.67,-0.17,-1.758,339424.49,328301.222
002182.SZ,20190819,9.55,9.93,9.38,9.93,9.5,0.43,4.5263,410307.43,397814.844
002182.SZ,20190820,9.89,10.1,9.74,9.86,9.93,-0.07,-0.7049,363907.49,360272.665
002182.SZ,20190821,9.8,9.9,9.61,9.67,9.86,-0.19,-1.927,230113.52,224548.627
002182.SZ,20190822,9.73,9.85,9.63,9.75,9.67,0.08,0.8273,197459.72,192217.908
002182.SZ,20190823,9.76,9.76,9.41,9.46,9.75,-0.29,-2.9744,248774.45,237393.7
002182.SZ,20190826,9.2,9.36,9.04,9.15,9.46,-0.31,-3.277,247607.73,228059.551
002182.SZ,20190827,9.23,9.4,9.15,9.23,9.15,0.08,0.8743,211652.24,195920.599
002182.SZ,20190828,9.2,9.3,9.13,9.14,9.23,-0.09,-0.9751,154730.53,142557.671
002182.SZ,20190829,9.15,9.26,9.06,9.08,9.14,-0.06,-0.6565,180410.18,164905.041
002182.SZ,20190830,9.17,9.17,8.74,8.83,9.08,-0.25,-2.7533,247919.34,220988.551
002182.SZ,20190902,8.86,9.09,8.83,9.06,8.83,0.23,2.6048,174795.85,157272.349
002182.SZ,20190903,9.09,9.15,8.99,9.09,9.06,0.03,0.3311,145349.31,131766.425
002182.SZ,20190904,9.04,9.48,9.01,9.46,9.09,0.37,4.0704,358357.86,334441.798
002182.SZ,20190905,9.42,9.57,9.36,9.42,9.46,-0.04,-0.4228,302217.44,285501.372
002182.SZ,20190906,9.45,9.63,9.4,9.49,9.42,0.07,0.7431,185338.36,175968.653
002182.SZ,20190909,9.51,9.56,9.35,9.55,9.49,0.06,0.6322,274678.35,259925.604
002182.SZ,20190910,9.55,9.69,9.46,9.58,9.55,0.03,0.3141,243292.77,232405.856
002182.SZ,20190911,9.58,9.6,9.3,9.3,9.58,-0.28,-2.9228,211376.65,198910.905
002182.SZ,20190912,9.35,9.44,9.25,9.36,9.3,0.06,0.6452,153836.99,144127.294
002182.SZ,20190916,9.4,9.69,9.38,9.68,9.36,0.32,3.4188,302091.3,289314.251
002182.SZ,20190917,9.61,9.62,9.1,9.15,9.68,-0.53,-5.4752,264776.78,247043.205
002182.SZ,20190918,9.19,9.3,9.15,9.17,9.15,0.02,0.2186,117633.81,108330.963
002182.SZ,20190919,9.18,9.25,9.05,9.19,9.17,0.02,0.2181,130966.09,119734.053
002182.SZ,20190920,9.18,9.27,9.13,9.15,9.19,-0.04,-0.4353,101121.03,92902.764
002182.SZ,20190923,9.09,9.2,8.9,9.09,9.15,-0.06,-0.6557,159151.17,144478.619
002182.SZ,20190924,9.14,9.22,9.05,9.2,9.09,0.11,1.2101,146703.57,133758.048
002182.SZ,20190925,9.1,9.12,8.92,8.93,9.2,-0.27,-2.9348,130878.4,118027.525
002182.SZ,20190926,8.97,9.04,8.55,8.7,8.93,-0.23,-2.5756,152620.33,133741.725
002182.SZ,20190927,8.72,8.75,8.64,8.68,8.7,-0.02,-0.2299,70625.31,61497.16
002182.SZ,20190930,8.73,8.77,8.49,8.55,8.68,-0.13,-1.4977,93994.97,80704.301
002182.SZ,20191008,8.57,8.83,8.55,8.76,8.55,0.21,2.4561,110248.18,96028.811
002182.SZ,20191009,8.68,8.83,8.61,8.82,8.76,0.06,0.6849,105662.38,92243.945
002182.SZ,20191010,8.8,8.94,8.75,8.93,8.82,0.11,1.2472,119356.38,105652.005
002182.SZ,20191011,8.95,8.96,8.81,8.89,8.93,-0.04,-0.4479,88403.27,78503.829
002182.SZ,20191014,8.98,9.02,8.9,9.01,8.89,0.12,1.3498,142814.11,128077.554
002182.SZ,20191015,8.97,8.97,8.76,8.78,9.01,-0.23,-2.5527,104011.0,91904.21
002182.SZ,20191016,8.83,8.97,8.81,8.9,8.78,0.12,1.3667,108895.79,96959.037
002182.SZ,20191017,8.9,8.92,8.81,8.9,8.9,0.0,0.0,76894.36,68104.037
002182.SZ,20191018,8.86,8.9,8.63,8.67,8.9,-0.23,-2.5843,85992.18,75284.432
002182.SZ,20191021,8.68,8.75,8.53,8.68,8.67,0.01,0.1153,75666.68,65435.732
002182.SZ,20191022,8.71,8.98,8.68,8.96,8.68,0.28,3.2258,154540.16,137403.164
002182.SZ,20191023,8.96,9.06,8.89,9.03,8.96,0.07,0.7813,194930.45,175205.769
002182.SZ,20191024,9.1,9.13,8.75,8.79,9.03,-0.24,-2.6578,251771.47,223346.554
002182.SZ,20191025,8.71,8.73,8.55,8.64,8.79,-0.15,-1.7065,184516.76,158941.317
002182.SZ,20191028,8.58,8.73,8.55,8.7,8.64,0.06,0.6944,138417.96,120108.117
002182.SZ,20191029,8.7,8.71,8.58,8.58,8.7,-0.12,-1.3793,90386.32,78006.568
002182.SZ,20191030,8.56,8.57,8.36,8.36,8.58,-0.22,-2.5641,103827.4,87560.215
002182.SZ,20191031,8.4,8.45,8.28,8.3,8.36,-0.06,-0.7177,76157.19,63669.534
002182.SZ,20191101,8.29,8.37,8.22,8.33,8.3,0.03,0.3614,75021.0,62435.055
002182.SZ,20191104,8.36,8.38,8.27,8.31,8.33,-0.02,-0.2401,87610.4,72776.836
002182.SZ,20191105,8.34,8.47,8.28,8.45,8.31,0.14,1.6847,100353.89,84241.911
002182.SZ,20191106,8.42,8.46,8.26,8.3,8.45,-0.15,-1.7751,82079.19,68513.25
002182.SZ,20191107,8.27,8.36,8.25,8.32,8.3,0.02,0.241,49261.28,40972.543
002182.SZ,20191108,8.34,8.42,8.33,8.38,8.32,0.06,0.7212,75120.77,62961.861
002182.SZ,20191111,8.37,8.37,8.14,8.3,8.38,-0.08,-0.9547,92009.16,75809.883
002182.SZ,20191112,8.26,8.41,8.25,8.4,8.3,0.1,1.2048,83693.92,69911.779
002182.SZ,20191113,8.37,8.38,8.24,8.25,8.4,-0.15,-1.7857,54088.72,44873.571
002182.SZ,20191114,8.25,8.28,8.06,8.1,8.25,-0.15,-1.8182,99455.53,80889.326
002182.SZ,20191115,8.14,8.18,8.01,8.01,8.1,-0.09,-1.1111,58053.75,46979.642
002182.SZ,20191118,8.07,8.34,8.01,8.33,8.01,0.32,3.995,134609.41,111048.091
002182.SZ,20191119,8.33,8.41,8.25,8.38,8.33,0.05,0.6002,97762.1,81668.807
002182.SZ,20191120,8.33,8.36,8.23,8.34,8.38,-0.04,-0.4773,72341.44,60041.731
002182.SZ,20191121,8.3,8.41,8.26,8.32,8.34,-0.02,-0.2398,68325.2,56986.595
002182.SZ,20191122,8.34,8.44,8.25,8.42,8.32,0.1,1.2019,114150.16,95484.756
002182.SZ,20191125,8.43,8.73,8.38,8.65,8.42,0.23,2.7316,227618.81,195636.979
002182.SZ,20191126,8.56,8.61,8.4,8.46,8.65,-0.19,-2.1965,124862.59,105918.95
002182.SZ,20191127,8.47,8.48,8.32,8.37,8.46,-0.09,-1.0638,88176.15,73879.212
002182.SZ,20191128,8.39,8.43,8.16,8.21,8.37,-0.16,-1.9116,95352.13,78710.683
002182.SZ,20191129,8.19,8.27,8.09,8.19,8.21,-0.02,-0.2436,65968.48,53900.867
002182.SZ,20191202,8.21,8.22,8.11,8.2,8.19,0.01,0.1221,66363.86,54285.119
002182.SZ,20191203,8.18,8.34,8.14,8.31,8.2,0.11,1.3415,69615.0,57497.868
002182.SZ,20191204,8.28,8.58,8.27,8.48,8.31,0.17,2.0457,169269.4,143386.027
002182.SZ,20191205,8.53,8.65,8.4,8.62,8.48,0.14,1.6509,193154.64,164336.318
002182.SZ,20191206,8.7,8.7,8.56,8.66,8.62,0.04,0.464,206138.97,178063.418
002182.SZ,20191209,8.66,8.71,8.57,8.64,8.66,-0.02,-0.2309,141749.1,122388.854
002182.SZ,20191210,8.64,8.88,8.6,8.79,8.64,0.15,1.7361,229129.68,201480.925
002182.SZ,20191211,8.79,8.85,8.7,8.74,8.79,-0.05,-0.5688,129601.73,113574.945
002182.SZ,20191212,8.75,8.82,8.67,8.78,8.74,0.04,0.4577,133314.21,116674.863
002182.SZ,20191213,8.81,8.89,8.75,8.86,8.78,0.08,0.9112,152053.54,134102.643
002182.SZ,20191216,8.92,9.21,8.86,9.11,8.86,0.25,2.8217,289402.3,263170.153
002182.SZ,20191217,9.09,9.36,9.07,9.3,9.11,0.19,2.0856,284998.84,263636.234
002182.SZ,20191218,9.3,9.52,9.19,9.33,9.3,0.03,0.3226,257101.39,240376.574
002182.SZ,20191219,9.39,9.55,9.28,9.38,9.33,0.05,0.5359,203187.21,191047.041
002182.SZ,20191220,9.33,9.4,9.16,9.17,9.38,-0.21,-2.2388,197000.84,182521.078
002182.SZ,20191223,9.18,9.38,9.02,9.05,9.17,-0.12,-1.3086,195909.45,180067.574
002182.SZ,20191224,9.09,9.53,9.09,9.52,9.05,0.47,5.1934,305900.13,286605.319
002182.SZ,20191225,9.45,9.46,9.31,9.37,9.52,-0.15,-1.5756,209112.49,195926.983
002182.SZ,20191226,9.38,9.42,9.32,9.39,9.37,0.02,0.2134,122767.09,114899.139
002182.SZ,20191227,9.4,9.64,9.31,9.33,9.39,-0.06,-0.639,316042.37,299613.47
002182.SZ,20191230,9.23,9.41,9.06,9.38,9.33,0.05,0.5359,215430.48,199137.746
002182.SZ,20191231,9.38,9.47,9.19,9.25,9.38,-0.13,-1.3859,194273.0,180341.841
002182.SZ,20200102,9.33,9.7,9.32,9.56,9.25,0.31,3.3514,361411.71,345634.876
002182.SZ,20200103,9.6,10.02,9.51,9.87,9.56,0.31,3.2427,409783.21,402505.746
002182.SZ,20200106,9.87,10.48,9.77,10.18,9.87,0.31,3.1408,551948.1,558361.212
002182.SZ,20200107,10.23,10.58,10.13,10.44,10.18,0.26,2.554,497916.91,515753.44
002182.SZ,20200108,10.34,11.48,10.26,11.24,10.44,0.8,7.6628,987373.51,1096771.995
002182.SZ,20200109,11.34,11.35,10.73,10.86,11.24,-0.38,-3.3808,766999.29,838481.98
002182.SZ,20200110,10.73,10.86,10.44,10.55,10.86,-0.31,-2.8545,418377.57,443025.951
002182.SZ,20200113,10.53,10.73,10.38,10.71,10.55,0.16,1.5166,374256.28,395551.549
002182.SZ,20200114,10.73,11.27,10.73,10.82,10.71,0.11,1.0271,528948.41,583082.927
002182.SZ,20200115,10.67,11.15,10.54,10.92,10.82,0.1,0.9242,393157.76,427266.563
002182.SZ,20200116,10.95,10.98,10.68,10.86,10.92,-0.06,-0.5495,253279.81,273517.203
002182.SZ,20200117,10.92,11.04,10.53,10.59,10.86,-0.27,-2.4862,291280.87,312755.545
002182.SZ,20200120,10.79,11.0,10.7,10.99,10.59,0.4,3.7771,322467.76,350923.225
002182.SZ,20200121,11.04,11.18,10.74,10.89,10.99,-0.1,-0.9099,285589.96,312703.076
002182.SZ,20200122,10.68,11.19,10.61,11.18,10.89,0.29,2.663,327586.07,360247.1
002182.SZ,20200123,11.06,11.06,10.21,10.51,11.18,-0.67,-5.9928,345868.36,370550.211
002182.SZ,20200203,9.46,9.46,9.46,9.46,10.51,-1.05,-9.9905,31739.0,30025.094
002182.SZ,20200204,8.6,9.94,8.6,9.65,9.46,0.19,2.0085,324095.86,307549.324
002182.SZ,20200205,9.75,10.2,9.74,9.86,9.65,0.21,2.1762,318466.9,317720.223
002182.SZ,20200206,9.66,10.02,9.6,9.96,9.86,0.1,1.0142,279972.36,275560.098
002182.SZ,20200207,9.96,9.98,9.52,9.8,9.96,-0.16,-1.6064,324928.85,316334.311
002182.SZ,20200210,9.79,10.21,9.62,10.19,9.8,0.39,3.9796,332305.63,332479.174
002182.SZ,20200211,10.25,10.27,9.88,9.95,10.19,-0.24,-2.3553,268362.63,268727.217
002182.SZ,20200212,9.9,10.29,9.83,10.25,9.95,0.3,3.0151,355940.94,359077.221
002182.SZ,20200213,10.19,10.22,9.97,10.02,10.25,-0.23,-2.2439,268184.37,270043.86
002182.SZ,20200214,10.05,10.36,9.99,10.29,10.02,0.27,2.6946,377774.12,386133.733
002182.SZ,20200217,10.25,10.74,10.18,10.69,10.29,0.4,3.8873,387010.74,407793.677
002182.SZ,20200218,10.69,11.06,10.44,10.9,10.69,0.21,1.9645,450108.84,487416.49
002182.SZ,20200219,10.92,11.04,10.53,10.68,10.9,-0.22,-2.0183,376429.74,406046.867
002182.SZ,20200220,10.79,11.49,10.68,11.4,10.68,0.72,6.7416,573311.1,639161.012
002182.SZ,20200221,11.25,11.48,11.11,11.3,11.4,-0.1,-0.8772,486538.61,548730.09
002182.SZ,20200224,11.26,12.38,11.2,12.0,11.3,0.7,6.1947,611884.92,716856.19
002182.SZ,20200225,11.6,12.9,11.55,12.71,12.0,0.71,5.9167,768326.66,940048.519
002182.SZ,20200226,12.35,12.59,11.5,11.7,12.71,-1.01,-7.9465,575660.09,697730.155
002182.SZ,20200227,12.07,12.33,11.77,11.77,11.7,0.07,0.5983,427273.55,515595.298
002182.SZ,20200228,11.05,11.38,10.7,10.93,11.77,-0.84,-7.1368,409176.68,452985.149
002182.SZ,20200302,11.09,11.63,10.96,11.5,10.93,0.57,5.215,329718.41,373811.056
002182.SZ,20200303,11.79,12.08,11.38,11.46,11.5,-0.04,-0.3478,338663.61,397418.728
002182.SZ,20200304,11.41,11.79,11.34,11.71,11.46,0.25,2.1815,226237.36,262237.81
002182.SZ,20200305,11.91,12.11,11.74,12.02,11.71,0.31,2.6473,302655.44,361263.343
002182.SZ,20200306,11.92,12.4,11.8,12.16,12.02,0.14,1.1647,336286.32,408903.165
002182.SZ,20200309,11.9,11.98,11.12,11.13,12.16,-1.03,-8.4704,380275.36,437316.22
002182.SZ,20200310,10.95,11.58,10.83,11.57,11.13,0.44,3.9533,315025.52,353053.173
002182.SZ,20200311,11.56,11.69,11.12,11.12,11.57,-0.45,-3.8894,218355.52,249019.005
002182.SZ,20200312,11.0,11.0,10.49,10.67,11.12,-0.45,-4.0468,257972.12,276389.789
002182.SZ,20200313,9.95,10.58,9.83,10.55,10.67,-0.12,-1.1246,263644.55,268869.299
002182.SZ,20200316,10.55,10.7,9.85,9.96,10.55,-0.59,-5.5924,271697.24,281283.952
002182.SZ,20200317,10.12,10.22,9.64,10.15,9.96,0.19,1.9076,207946.47,207786.654
002182.SZ,20200318,10.26,10.48,10.02,10.07,10.15,-0.08,-0.7882,278001.67,286068.252
002182.SZ,20200319,9.98,10.28,9.77,10.23,10.07,0.16,1.5889,233478.62,234084.294
002182.SZ,20200320,10.45,10.45,9.99,10.22,10.23,-0.01,-0.0978,201645.42,206072.064
002182.SZ,20200323,9.89,9.97,9.53,9.55,10.22,-0.67,-6.5558,185299.64,181200.565
002182.SZ,20200324,9.78,9.84,9.52,9.83,9.55,0.28,2.9319,164713.4,160303.263
002182.SZ,20200325,10.1,10.18,9.97,10.01,9.83,0.18,1.8311,168777.9,169635.695
002182.SZ,20200326,9.97,9.97,9.72,9.75,10.01,-0.26,-2.5974,127933.35,125925.778
002182.SZ,20200327,9.92,9.94,9.75,9.76,9.75,0.01,0.1026,108929.36,107234.495
002182.SZ,20200330,9.63,9.63,9.2,9.29,9.76,-0.47,-4.8156,145628.01,135893.407
002182.SZ,20200331,9.42,9.44,9.23,9.32,9.29,0.03,0.3229,95255.98,89171.75
002182.SZ,20200401,9.33,9.55,9.28,9.34,9.32,0.02,0.2146,124293.33,117057.459
002182.SZ,20200402,9.25,9.55,9.21,9.55,9.34,0.21,2.2484,103989.07,97859.57
002182.SZ,20200403,9.54,9.57,9.31,9.34,9.55,-0.21,-2.199,116095.28,109448.944
002182.SZ,20200407,9.55,9.82,9.48,9.82,9.34,0.48,5.1392,195226.54,188820.779
002182.SZ,20200408,9.74,10.0,9.68,9.93,9.82,0.11,1.1202,168818.45,166396.157
002182.SZ,20200409,10.04,10.07,9.85,9.92,9.93,-0.01,-0.1007,127719.62,126785.091
002182.SZ,20200410,9.95,9.96,9.6,9.77,9.92,-0.15,-1.5121,123529.68,120585.537
002182.SZ,20200413,9.65,9.74,9.56,9.66,9.77,-0.11,-1.1259,85181.39,81984.639
002182.SZ,20200414,9.69,9.94,9.68,9.93,9.66,0.27,2.795,143286.41,140520.627
002182.SZ,20200415,9.9,10.06,9.8,9.9,9.93,-0.03,-0.3021,180342.01,179386.233
002182.SZ,20200416,9.83,9.85,9.68,9.83,9.9,-0.07,-0.7071,123465.96,120652.063
002182.SZ,20200417,9.9,9.96,9.77,9.9,9.83,0.07,0.7121,162485.91,160572.823
002182.SZ,20200420,9.76,9.76,9.66,9.74,9.75,-0.01,-0.1026,115309.17,111815.042
002182.SZ,20200421,9.65,9.65,9.42,9.54,9.74,-0.2,-2.0534,120992.23,115225.109
002182.SZ,20200422,9.48,9.67,9.41,9.67,9.54,0.13,1.3627,108467.23,104018.11
002182.SZ,20200423,9.72,9.72,9.46,9.5,9.67,-0.17,-1.758,96047.59,91720.08
002182.SZ,20200424,9.54,9.56,9.15,9.18,9.5,-0.32,-3.3684,138188.06,128520.687
002182.SZ,20200427,9.21,9.42,9.16,9.26,9.18,0.08,0.8715,90297.04,83955.791
002182.SZ,20200428,9.32,9.36,8.79,9.15,9.26,-0.11,-1.1879,100701.89,91924.257
002182.SZ,20200429,8.69,8.91,8.46,8.6,9.15,-0.55,-6.0109,256287.13,222617.038
002182.SZ,20200430,8.56,8.98,8.56,8.88,8.6,0.28,3.2558,204598.79,181020.897
002182.SZ,20200506,8.76,8.93,8.72,8.91,8.88,0.03,0.3378,142785.35,126547.968
002182.SZ,20200507,8.95,9.05,8.83,8.84,8.91,-0.07,-0.7856,128734.6,114906.798
002182.SZ,20200508,8.93,9.12,8.86,9.08,8.84,0.24,2.7149,184049.88,165948.883
002182.SZ,20200511,9.12,9.16,8.85,8.95,9.08,-0.13,-1.4317,131232.9,117950.715
002182.SZ,20200512,8.94,8.94,8.65,8.79,8.95,-0.16,-1.7877,136670.9,119534.783
002182.SZ,20200513,8.69,9.01,8.64,8.93,8.79,0.14,1.5927,156352.48,137749.724
002182.SZ,20200514,8.88,9.02,8.84,8.87,8.93,-0.06,-0.6719,123702.91,110437.972
002182.SZ,20200515,8.86,8.92,8.75,8.78,8.87,-0.09,-1.0147,98824.57,87306.235
002182.SZ,20200518,8.78,8.89,8.67,8.75,8.78,-0.03,-0.3417,95027.82,83685.186
002182.SZ,20200519,8.78,8.87,8.68,8.74,8.75,-0.01,-0.1143,106381.57,93106.799
002182.SZ,20200520,8.74,8.78,8.58,8.59,8.74,-0.15,-1.7162,93909.0,81441.69
002182.SZ,20200521,8.61,8.69,8.47,8.51,8.59,-0.08,-0.9313,79380.4,68036.669
002182.SZ,20200522,8.5,8.57,8.2,8.22,8.51,-0.29,-3.4078,117676.25,98430.419
002182.SZ,20200525,8.23,8.24,7.91,8.0,8.22,-0.22,-2.6764,116888.93,93899.366
002182.SZ,20200526,8.05,8.24,8.01,8.2,8.0,0.2,2.5,75057.02,60877.702
002182.SZ,20200527,8.22,8.3,8.15,8.22,8.2,0.02,0.2439,72596.57,59658.612
002182.SZ,20200528,8.21,8.65,8.19,8.62,8.22,0.4,4.8662,178098.77,149838.165
002182.SZ,20200529,8.58,8.64,8.47,8.6,8.62,-0.02,-0.232,113099.7,96822.651
002182.SZ,20200601,8.64,8.81,8.61,8.75,8.6,0.15,1.7442,132196.38,115402.156
002182.SZ,20200602,8.77,8.8,8.63,8.66,8.75,-0.09,-1.0286,104864.92,91142.981
002182.SZ,20200603,8.7,8.72,8.49,8.5,8.66,-0.16,-1.8476,98169.5,84412.853
002182.SZ,20200604,8.53,8.59,8.44,8.58,8.5,0.08,0.9412,71468.02,60979.413
002182.SZ,20200605,8.59,8.64,8.45,8.51,8.58,-0.07,-0.8159,61789.28,52735.308
002182.SZ,20200608,8.53,8.78,8.53,8.62,8.51,0.11,1.2926,109954.78,95357.837
002182.SZ,20200609,8.7,8.73,8.58,8.69,8.62,0.07,0.8121,89493.5,77548.02
002182.SZ,20200610,8.68,8.7,8.48,8.52,8.69,-0.17,-1.9563,83345.07,71189.126
002182.SZ,20200611,8.52,8.78,8.52,8.74,8.52,0.22,2.5822,154029.58,133765.437
002182.SZ,20200612,8.58,8.65,8.52,8.65,8.74,-0.09,-1.0297,105096.0,90147.763
002182.SZ,20200615,8.52,8.63,8.41,8.42,8.65,-0.23,-2.659,90884.61,77427.24
002182.SZ,20200616,8.55,8.82,8.47,8.73,8.42,0.31,3.6817,182814.87,158481.339
002182.SZ,20200617,8.76,8.87,8.69,8.78,8.73,0.05,0.5727,156783.7,137663.32
002182.SZ,20200618,8.79,8.88,8.65,8.75,8.78,-0.03,-0.3417,125812.82,110519.827
002182.SZ,20200619,8.8,8.85,8.7,8.82,8.75,0.07,0.8,113556.55,99925.056
002182.SZ,20200622,8.86,8.86,8.75,8.79,8.82,-0.03,-0.3401,115501.82,101808.992
002182.SZ,20200623,8.78,9.42,8.75,9.36,8.79,0.57,6.4846,437011.3,400123.548
002182.SZ,20200624,9.4,10.08,9.34,9.74,9.36,0.38,4.0598,521934.61,508865.502
002182.SZ,20200629,9.64,9.75,9.29,9.33,9.74,-0.41,-4.2094,279644.84,265402.685
002182.SZ,20200630,9.49,9.68,9.34,9.54,9.33,0.21,2.2508,212632.43,202644.551
002182.SZ,20200701,9.6,10.17,9.58,10.12,9.54,0.58,6.0797,394358.31,389288.849
002182.SZ,20200702,10.26,10.27,9.95,10.2,10.12,0.08,0.7905,335095.25,340179.201
002182.SZ,20200703,10.18,10.43,10.04,10.29,10.2,0.09,0.8824,297413.51,304116.495
002182.SZ,20200706,10.31,10.9,10.28,10.83,10.29,0.54,5.2478,324893.45,345491.637
002182.SZ,20200707,10.83,11.03,10.5,10.68,10.83,-0.15,-1.385,287005.48,308841.237
002182.SZ,20200708,10.65,11.26,10.61,11.07,10.68,0.39,3.6517,297083.17,326273.83
002182.SZ,20200709,11.25,11.83,11.14,11.72,11.07,0.65,5.8717,381922.25,436088.796
002182.SZ,20200710,11.5,11.6,11.25,11.27,11.72,-0.45,-3.8396,253383.37,288752.639
002182.SZ,20200713,11.36,11.74,11.12,11.7,11.27,0.43,3.8154,243422.7,280181.984
002182.SZ,20200714,11.6,11.75,11.05,11.27,11.7,-0.43,-3.6752,227325.05,257831.801
002182.SZ,20200715,11.27,11.51,10.7,10.71,11.27,-0.56,-4.9689,252696.4,276902.635
002182.SZ,20200716,10.85,11.35,10.29,10.48,10.71,-0.23,-2.1475,297155.47,325468.536
002182.SZ,20200717,10.75,10.86,10.38,10.68,10.48,0.2,1.9084,170367.08,180485.845
002182.SZ,20200720,10.85,11.28,10.7,11.23,10.68,0.55,5.1498,228292.52,252762.97
002182.SZ,20200721,11.3,11.48,11.19,11.38,11.23,0.15,1.3357,230862.18,261622.97
002182.SZ,20200722,11.42,11.49,11.09,11.21,11.38,-0.17,-1.4938,194127.73,219280.021
002182.SZ,20200723,11.03,11.34,10.85,11.1,11.21,-0.11,-0.9813,163565.82,181081.064
002182.SZ,20200724,11.0,11.07,10.35,10.42,11.1,-0.68,-6.1261,187119.68,200420.535
002182.SZ,20200727,10.55,10.82,10.32,10.57,10.42,0.15,1.4395,118241.18,125341.542
002182.SZ,20200728,10.72,11.58,10.71,11.2,10.57,0.63,5.9603,263223.53,295522.757
002182.SZ,20200729,11.15,12.1,11.05,11.97,11.2,0.77,6.875,475359.19,557929.325
002182.SZ,20200730,12.22,12.36,11.84,12.19,11.97,0.22,1.8379,366476.67,446035.39
002182.SZ,20200731,12.15,12.26,11.74,12.21,12.19,0.02,0.1641,319820.15,384716.105
002182.SZ,20200803,12.21,12.86,12.08,12.7,12.21,0.49,4.0131,326329.41,407516.337
002182.SZ,20200804,12.64,13.05,12.45,12.56,12.7,-0.14,-1.1024,247430.15,313444.646
002182.SZ,20200805,12.49,12.8,12.36,12.53,12.56,-0.03,-0.2389,185401.66,233300.144
002182.SZ,20200806,12.68,12.72,12.2,12.5,12.53,-0.03,-0.2394,202903.34,253643.744
002182.SZ,20200807,12.61,13.05,12.05,12.1,12.5,-0.4,-3.2,285789.49,354660.055
002182.SZ,20200810,11.92,12.17,11.61,11.83,12.1,-0.27,-2.2314,280591.68,331632.465
002182.SZ,20200811,12.12,13.01,12.11,12.63,11.83,0.8,6.7625,612291.64,789183.301
002182.SZ,20200812,12.0,12.13,11.38,11.83,12.63,-0.8,-6.3341,563318.63,662192.379
002182.SZ,20200813,11.99,13.01,11.95,12.34,11.83,0.51,4.3111,510299.35,648056.505
002182.SZ,20200814,12.16,12.45,11.57,11.73,12.34,-0.61,-4.9433,387625.54,460202.122
002182.SZ,20200817,11.72,11.81,11.43,11.72,11.73,-0.01,-0.0853,286939.2,333816.537
002182.SZ,20200818,11.87,11.93,11.5,11.89,11.72,0.17,1.4505,259560.04,305219.981
002182.SZ,20200819,11.88,11.89,11.52,11.67,11.89,-0.22,-1.8503,165720.17,193111.946
002182.SZ,20200820,11.5,11.59,11.14,11.23,11.67,-0.44,-3.7704,172181.58,194077.458
002182.SZ,20200821,11.26,11.45,11.21,11.3,11.23,0.07,0.6233,103261.2,116774.318
002182.SZ,20200824,11.33,11.53,11.13,11.4,11.3,0.1,0.885,87163.46,99028.738
002182.SZ,20200825,11.39,11.47,11.14,11.17,11.4,-0.23,-2.0175,96396.91,108219.59
002182.SZ,20200826,11.15,11.16,10.81,10.89,11.17,-0.28,-2.5067,92567.92,101686.064
002182.SZ,20200827,11.0,11.36,10.85,11.27,10.89,0.38,3.4894,96022.08,106843.784
002182.SZ,20200828,11.3,11.34,11.08,11.29,11.27,0.02,0.1775,59776.06,67284.838
002182.SZ,20200831,11.29,11.54,11.27,11.41,11.29,0.12,1.0629,107453.42,122799.449
002182.SZ,20200901,11.39,11.4,11.2,11.36,11.41,-0.05,-0.4382,58990.92,66703.862
002182.SZ,20200902,11.3,11.35,11.03,11.14,11.36,-0.22,-1.9366,105508.39,117432.968
002182.SZ,20200903,11.05,11.12,10.93,10.93,11.14,-0.21,-1.8851,61706.12,67966.004
002182.SZ,20200904,10.8,10.83,10.59,10.72,10.93,-0.21,-1.9213,86418.3,92356.872
002182.SZ,20200907,10.66,10.95,10.61,10.63,10.72,-0.09,-0.8396,55478.26,59912.174
002182.SZ,20200908,10.66,10.82,10.57,10.75,10.63,0.12,1.1289,47796.55,51094.151
002182.SZ,20200909,10.78,10.78,10.46,10.55,10.75,-0.2,-1.8605,55794.64,59074.627
002182.SZ,20200910,10.62,10.69,10.32,10.32,10.55,-0.23,-2.1801,68515.6,71924.377
002182.SZ,20200911,10.4,10.66,10.36,10.55,10.32,0.23,2.2287,40761.92,42838.403
002182.SZ,20200914,10.52,10.71,10.52,10.61,10.55,0.06,0.5687,51028.01,54143.012
002182.SZ,20200915,10.66,10.66,10.37,10.44,10.61,-0.17,-1.6023,58269.01,61033.124
002182.SZ,20200916,10.45,10.75,10.32,10.69,10.44,0.25,2.3946,93643.25,98862.966
002182.SZ,20200917,10.76,10.76,10.37,10.43,10.69,-0.26,-2.4322,75824.0,79488.711
002182.SZ,20200918,10.42,11.24,10.09,10.8,10.43,0.37,3.5475,219542.14,229550.011
002182.SZ,20200921,10.64,10.73,10.5,10.52,10.8,-0.28,-2.5926,100715.08,106893.959
002182.SZ,20200922,10.46,10.47,9.98,9.99,10.52,-0.53,-5.038,119347.89,121719.943
002182.SZ,20200923,10.06,10.13,9.96,10.01,9.99,0.02,0.2002,52273.08,52413.323
002182.SZ,20200924,9.99,9.99,9.72,9.72,10.01,-0.29,-2.8971,61895.22,60828.605
002182.SZ,20200925,9.86,9.86,9.44,9.55,9.72,-0.17,-1.749,70656.1,67704.759
002182.SZ,20200928,9.64,9.64,9.34,9.36,9.55,-0.19,-1.9895,60002.58,56766.328
002182.SZ,20200929,9.46,9.55,9.36,9.38,9.36,0.02,0.2137,66627.07,62995.011
002182.SZ,20200930,9.4,9.43,9.2,9.27,9.38,-0.11,-1.1727,53116.49,49551.272
002182.SZ,20201009,9.42,9.65,9.42,9.56,9.27,0.29,3.1284,77256.02,73908.797
002182.SZ,20201012,9.63,10.06,9.62,10.05,9.56,0.49,5.1255,135212.3,134483.766
002182.SZ,20201013,10.06,10.19,9.9,10.07,10.05,0.02,0.199,98897.07,99190.9
002182.SZ,20201014,9.98,10.15,9.96,10.02,10.07,-0.05,-0.4965,72280.07,72718.672
002182.SZ,20201015,10.0,10.16,9.76,9.79,10.02,-0.23,-2.2954,124133.94,123147.645
002182.SZ,20201016,9.7,9.91,9.7,9.79,9.79,0.0,0.0,86798.63,85285.776
002182.SZ,20201019,9.82,10.03,9.79,9.84,9.79,0.05,0.5107,63494.34,62754.526
002182.SZ,20201020,9.81,10.18,9.7,10.16,9.84,0.32,3.252,120881.54,121033.247
002182.SZ,20201021,10.25,10.31,10.03,10.13,10.16,-0.03,-0.2953,106510.84,108122.093
002182.SZ,20201022,10.08,10.14,9.73,9.8,10.13,-0.33,-3.2577,156414.0,155287.043
002182.SZ,20201023,9.81,9.87,9.5,9.52,9.8,-0.28,-2.8571,143961.76,139127.962
002182.SZ,20201026,9.5,9.55,9.25,9.29,9.52,-0.23,-2.416,123715.26,116013.986
002182.SZ,20201027,9.3,9.36,9.21,9.32,9.29,0.03,0.3229,100327.7,93011.995
002182.SZ,20201028,9.32,10.04,9.23,9.97,9.32,0.65,6.9742,218427.19,212059.485
002182.SZ,20201029,9.8,10.11,9.76,9.87,9.97,-0.1,-1.003,148212.6,146835.343
002182.SZ,20201030,9.86,10.07,9.7,9.74,9.87,-0.13,-1.3171,114218.74,112593.555
002182.SZ,20201102,9.83,10.04,9.73,9.98,9.74,0.24,2.4641,126763.94,125810.951
002182.SZ,20201103,10.11,10.34,10.01,10.25,9.98,0.27,2.7054,217207.61,221415.553
002182.SZ,20201104,10.29,10.29,10.09,10.21,10.25,-0.04,-0.3902,121974.93,124251.915
002182.SZ,20201105,10.26,10.49,10.18,10.37,10.21,0.16,1.5671,157952.88,163302.818
002182.SZ,20201106,10.43,10.56,10.33,10.41,10.37,0.04,0.3857,172946.4,180668.492
002182.SZ,20201109,10.53,10.88,10.48,10.71,10.41,0.3,2.8818,220892.33,236173.294
002182.SZ,20201110,10.92,11.16,10.84,11.04,10.71,0.33,3.0812,320219.07,352567.105
002182.SZ,20201111,10.97,11.22,10.79,10.85,11.04,-0.19,-1.721,284233.0,311866.398
002182.SZ,20201112,10.8,11.14,10.73,11.09,10.85,0.24,2.212,177265.18,194641.363
002182.SZ,20201113,10.99,11.31,10.95,11.25,11.09,0.16,1.4427,234842.46,261811.838
002182.SZ,20201116,11.35,11.78,11.1,11.66,11.25,0.41,3.6444,280988.22,323721.36
002182.SZ,20201117,11.7,11.73,11.47,11.68,11.66,0.02,0.1715,191457.28,222085.769
002182.SZ,20201118,11.67,11.81,11.38,11.6,11.68,-0.08,-0.6849,216902.9,251537.518
002182.SZ,20201119,11.52,11.6,11.22,11.44,11.6,-0.16,-1.3793,187776.05,213172.354
002182.SZ,20201120,11.43,11.72,11.27,11.69,11.44,0.25,2.1853,175086.34,202626.381
002182.SZ,20201123,11.69,12.04,11.54,11.63,11.69,-0.06,-0.5133,307191.95,361696.763
002182.SZ,20201124,11.57,12.16,11.49,11.94,11.63,0.31,2.6655,334582.64,396639.875
002182.SZ,20201125,11.89,11.98,11.59,11.7,11.94,-0.24,-2.0101,246178.25,288858.544
002182.SZ,20201126,11.7,11.83,11.53,11.81,11.7,0.11,0.9402,165564.85,193649.042
002182.SZ,20201127,11.81,11.85,11.32,11.6,11.81,-0.21,-1.7782,179352.33,206893.293
002182.SZ,20201130,11.6,11.93,11.46,11.48,11.6,-0.12,-1.0345,202968.26,237481.014
002182.SZ,20201201,11.47,11.73,11.42,11.71,11.48,0.23,2.0035,118936.85,137899.303
002182.SZ,20201202,11.79,12.35,11.79,11.91,11.71,0.2,1.7079,267916.35,324049.528
002182.SZ,20201203,11.9,11.98,11.55,11.63,11.91,-0.28,-2.351,162498.07,189875.719
002182.SZ,20201204,11.6,12.28,11.57,12.13,11.63,0.5,4.2992,254538.05,305444.558
002182.SZ,20201207,12.29,12.95,12.29,12.64,12.13,0.51,4.2045,361429.96,459957.649
002182.SZ,20201208,12.77,12.87,12.3,12.34,12.64,-0.3,-2.3734,217875.57,272936.618
002182.SZ,20201209,12.41,12.45,11.72,11.73,12.34,-0.61,-4.9433,282765.22,338886.257
002182.SZ,20201210,11.65,11.73,11.43,11.67,11.73,-0.06,-0.5115,169923.75,196891.432
002182.SZ,20201211,11.86,11.96,11.49,11.66,11.67,-0.01,-0.0857,156439.23,183303.183
002182.SZ,20201214,11.66,11.75,11.37,11.66,11.66,0.0,0.0,125044.33,144727.584
002182.SZ,20201215,11.66,11.71,11.46,11.59,11.66,-0.07,-0.6003,80828.53,93634.168
002182.SZ,20201216,11.68,11.9,11.46,11.64,11.59,0.05,0.4314,115124.65,134776.739
002182.SZ,20201217,11.8,12.54,11.51,12.46,11.64,0.82,7.0447,283039.49,342609.686
002182.SZ,20201218,12.61,13.24,12.49,13.12,12.46,0.66,5.297,455650.16,591159.412
002182.SZ,20201221,13.13,13.44,13.0,13.22,13.12,0.1,0.7622,338941.83,447665.191
002182.SZ,20201222,13.1,13.16,12.5,12.65,13.22,-0.57,-4.3116,313148.8,402290.701
002182.SZ,20201223,12.64,12.94,12.45,12.56,12.65,-0.09,-0.7115,250789.73,316999.427
002182.SZ,20201224,12.53,12.8,12.34,12.53,12.56,-0.03,-0.2389,153932.12,193423.105
002182.SZ,20201225,12.73,13.78,12.6,13.53,12.53,1.0,7.9808,532173.09,715082.823
002182.SZ,20201228,13.52,14.12,13.51,13.63,13.53,0.1,0.7391,488198.03,670909.342
002182.SZ,20201229,13.82,13.9,12.9,13.04,13.63,-0.59,-4.3287,330227.43,438043.41
002182.SZ,20201230,13.13,13.63,13.0,13.16,13.04,0.12,0.9202,261469.37,347920.228
002182.SZ,20201231,13.26,13.47,12.97,13.22,13.16,0.06,0.4559,222326.66,293456.966
002182.SZ,20210104,13.25,14.54,13.25,14.38,13.22,1.16,8.7746,488363.35,688468.834
002182.SZ,20210105,14.18,14.46,13.73,13.87,14.38,-0.51,-3.5466,363413.99,508654.85
002182.SZ,20210106,13.87,14.24,13.55,14.13,13.87,0.26,1.8745,351583.11,490816.913
002182.SZ,20210107,14.0,14.61,13.76,14.2,14.13,0.07,0.4954,410767.96,581119.726
002182.SZ,20210108,14.41,14.41,13.0,13.27,14.2,-0.93,-6.5493,456335.07,610127.007
002182.SZ,20210111,13.01,13.13,12.07,12.11,13.27,-1.16,-8.7415,442924.54,555754.083
002182.SZ,20210112,12.06,12.37,12.04,12.28,12.11,0.17,1.4038,197446.9,241491.874
002182.SZ,20210113,12.26,12.65,11.82,11.97,12.28,-0.31,-2.5244,254069.9,310439.13
002182.SZ,20210114,11.88,12.23,11.77,11.99,11.97,0.02,0.1671,157060.83,188703.243
002182.SZ,20210115,12.05,12.18,11.64,11.99,11.99,0.0,0.0,157267.37,187558.64
002182.SZ,20210118,11.94,12.34,11.9,12.21,11.99,0.22,1.8349,125223.54,152582.501
002182.SZ,20210119,12.13,12.28,11.88,11.94,12.21,-0.27,-2.2113,118419.91,142848.348
002182.SZ,20210120,11.94,12.25,11.84,12.19,11.94,0.25,2.0938,154810.77,187275.414
002182.SZ,20210121,12.08,12.78,12.0,12.5,12.19,0.31,2.5431,180698.5,224818.078
002182.SZ,20210122,12.5,12.58,12.08,12.24,12.5,-0.26,-2.08,164942.22,202225.797
002182.SZ,20210125,12.17,12.67,12.1,12.31,12.24,0.07,0.5719,226559.18,280837.053
002182.SZ,20210126,12.21,12.65,12.14,12.33,12.31,0.02,0.1625,162037.29,200547.906
002182.SZ,20210127,12.29,12.32,11.5,11.6,12.33,-0.73,-5.9205,233743.72,276217.129
002182.SZ,20210128,11.48,11.82,11.31,11.49,11.6,-0.11,-0.9483,128068.39,147646.266
002182.SZ,20210129,11.61,11.65,10.7,10.89,11.49,-0.6,-5.2219,203797.25,224794.338
002182.SZ,20210201,10.91,11.14,10.75,10.87,10.89,-0.02,-0.1837,146915.5,160459.295
002182.SZ,20210202,10.95,11.45,10.89,11.38,10.87,0.51,4.6918,157438.68,176707.303
002182.SZ,20210203,11.35,11.57,11.21,11.25,11.38,-0.13,-1.1424,120756.0,136965.369
002182.SZ,20210204,11.22,11.35,10.85,11.0,11.25,-0.25,-2.2222,113140.49,125034.709
002182.SZ,20210205,11.05,11.18,10.35,10.4,11.0,-0.6,-5.4545,164104.08,174769.29
002182.SZ,20210208,10.41,11.12,10.39,10.78,10.4,0.38,3.6538,168613.67,182453.431
002182.SZ,20210209,10.89,11.75,10.89,11.67,10.78,0.89,8.256,227416.24,261355.336
002182.SZ,20210210,11.66,11.78,11.37,11.67,11.67,0.0,0.0,119269.85,138061.63
002182.SZ,20210218,12.3,12.47,12.1,12.14,11.67,0.47,4.0274,199519.24,244012.837
002182.SZ,20210219,12.31,12.35,11.97,12.28,12.14,0.14,1.1532,175595.47,213961.334
002182.SZ,20210222,12.78,13.14,12.52,12.61,12.28,0.33,2.6873,349851.82,450294.688
002182.SZ,20210223,12.44,12.88,12.33,12.52,12.61,-0.09,-0.7137,210098.16,264380.671
002182.SZ,20210224,12.38,12.73,12.33,12.43,12.52,-0.09,-0.7188,165724.32,207010.004
002182.SZ,20210225,12.73,12.9,12.3,12.34,12.43,-0.09,-0.7241,189217.48,237219.865
002182.SZ,20210226,12.02,12.23,11.88,12.12,12.34,-0.22,-1.7828,156659.19,189067.226
002182.SZ,20210301,12.27,12.55,12.19,12.43,12.12,0.31,2.5578,143404.62,177588.671
002182.SZ,20210302,12.41,12.44,11.95,12.04,12.43,-0.39,-3.1376,160409.19,194204.311
002182.SZ,20210303,12.18,12.74,12.03,12.58,12.04,0.54,4.485,257774.7,321099.255
002182.SZ,20210304,12.47,12.9,12.2,12.27,12.58,-0.31,-2.4642,238622.8,299212.357
002182.SZ,20210305,11.99,12.15,11.59,11.77,12.27,-0.5,-4.075,221245.0,261585.992
002182.SZ,20210308,11.8,12.55,11.53,11.53,11.77,-0.24,-2.0391,226875.0,273065.755
002182.SZ,20210309,11.53,11.53,10.83,10.98,11.53,-0.55,-4.7702,174486.86,194232.494
002182.SZ,20210310,11.18,11.25,10.88,10.9,10.98,-0.08,-0.7286,94901.71,104345.906
002182.SZ,20210311,10.98,11.26,10.94,11.24,10.9,0.34,3.1193,113234.14,126041.148
002182.SZ,20210312,11.25,11.33,10.81,11.02,11.24,-0.22,-1.9573,122331.4,134529.923
002182.SZ,20210315,11.07,11.22,10.81,10.92,11.02,-0.1,-0.9074,125561.09,138173.503
002182.SZ,20210316,10.98,10.98,10.61,10.75,10.92,-0.17,-1.5568,111989.89,120408.486
002182.SZ,20210317,10.64,10.91,10.45,10.89,10.75,0.14,1.3023,110605.84,118634.022
002182.SZ,20210318,10.97,10.98,10.7,10.81,10.89,-0.08,-0.7346,85192.82,92377.48
002182.SZ,20210319,10.65,10.83,10.61,10.63,10.81,-0.18,-1.6651,81504.0,87040.065
002182.SZ,20210322,10.64,10.81,10.6,10.77,10.63,0.14,1.317,71925.84,77151.326
002182.SZ,20210323,10.72,10.76,10.35,10.37,10.77,-0.4,-3.714,103820.32,108773.75
002182.SZ,20210324,10.26,10.36,9.93,9.99,10.37,-0.38,-3.6644,128530.31,129634.957
002182.SZ,20210325,9.95,10.07,9.85,9.9,9.99,-0.09,-0.9009,103651.64,103287.863
002182.SZ,20210326,9.96,10.11,9.82,10.08,9.9,0.18,1.8182,100258.68,100064.499
002182.SZ,20210329,10.11,10.16,9.96,9.99,10.08,-0.09,-0.8929,81520.32,81663.671
002182.SZ,20210330,10.01,10.17,9.86,10.06,9.99,0.07,0.7007,88252.48,88475.501
002182.SZ,20210331,10.03,10.05,9.85,9.95,10.06,-0.11,-1.0934,61798.64,61301.269
002182.SZ,20210401,9.96,10.1,9.92,10.1,9.95,0.15,1.5075,64911.43,64997.823
002182.SZ,20210402,10.14,10.28,10.07,10.21,10.1,0.11,1.0891,80762.84,82219.855
002182.SZ,20210406,10.21,10.35,10.15,10.26,10.21,0.05,0.4897,76069.34,78088.768
002182.SZ,20210407,10.27,10.37,10.15,10.36,10.26,0.1,0.9747,64391.63,66261.402
002182.SZ,20210408,10.36,10.56,10.27,10.44,10.36,0.08,0.7722,91484.24,95363.622
002182.SZ,20210409,10.46,10.57,10.33,10.48,10.44,0.04,0.3831,66207.54,69332.905
002182.SZ,20210412,10.53,10.55,10.15,10.21,10.48,-0.27,-2.5763,73296.9,75667.114
002182.SZ,20210413,10.22,10.29,10.06,10.13,10.21,-0.08,-0.7835,43584.56,44178.753
002182.SZ,20210414,10.2,10.34,10.1,10.31,10.13,0.18,1.7769,53195.08,54400.344
002182.SZ,20210415,10.47,10.59,10.3,10.51,10.31,0.2,1.9399,98520.09,103134.057
002182.SZ,20210416,10.58,10.85,10.53,10.7,10.51,0.19,1.8078,104628.78,111885.107
002182.SZ,20210419,10.65,11.14,10.61,11.07,10.7,0.37,3.4579,127171.6,139855.222
002182.SZ,20210420,11.04,11.2,11.01,11.04,11.07,-0.03,-0.271,120723.34,134009.942
002182.SZ,20210421,11.1,11.17,10.88,11.04,11.04,0.0,0.0,104367.1,114918.137
002182.SZ,20210422,11.12,11.23,11.07,11.16,11.04,0.12,1.087,78998.06,88134.784
002182.SZ,20210423,11.2,11.3,11.07,11.18,11.16,0.02,0.1792,90912.0,101782.932
002182.SZ,20210426,11.26,11.35,11.0,11.05,11.18,-0.13,-1.1628,132239.4,147696.263
002182.SZ,20210427,11.11,11.23,10.92,11.1,11.05,0.05,0.4525,76433.89,84644.194
002182.SZ,20210428,11.01,11.27,11.01,11.25,11.1,0.15,1.3514,83817.21,93754.547
002182.SZ,20210429,11.33,11.39,11.08,11.27,11.25,0.02,0.1778,130479.87,146811.254
002182.SZ,20210430,11.3,11.38,11.18,11.26,11.27,-0.01,-0.0887,117073.19,132184.649
