ts_code,trade_date,open,high,low,close,pre_close,change,pct_chg,vol,amount
002498.SZ,20180102,3.31,3.31,3.26,3.28,3.31,-0.03,-0.91,43056.67,14126.849
002498.SZ,20180103,3.27,3.33,3.27,3.32,3.28,0.04,1.22,78618.77,26008.384
002498.SZ,20180104,3.31,3.38,3.31,3.37,3.32,0.05,1.51,123557.95,41372.022
002498.SZ,20180105,3.36,3.39,3.34,3.38,3.37,0.01,0.3,64206.69,21615.505
002498.SZ,20180108,3.35,3.43,3.35,3.43,3.38,0.05,1.48,70219.7,23723.756
002498.SZ,20180109,3.41,3.46,3.4,3.4,3.43,-0.03,-0.87,94580.97,32386.293
002498.SZ,20180110,3.41,3.41,3.35,3.36,3.4,-0.04,-1.18,47448.0,16002.859
002498.SZ,20180111,3.36,3.38,3.33,3.37,3.36,0.01,0.3,38094.2,12761.737
002498.SZ,20180112,3.36,3.38,3.33,3.37,3.37,0.0,0.0,53150.45,17839.83
002498.SZ,20180115,3.38,3.39,3.31,3.31,3.37,-0.06,-1.78,42832.5,14283.083
002498.SZ,20180116,3.3,3.32,3.29,3.3,3.31,-0.01,-0.3,44302.3,14620.576
002498.SZ,20180117,3.28,3.29,3.25,3.26,3.3,-0.04,-1.21,70105.44,22872.999
002498.SZ,20180118,3.27,3.28,3.23,3.25,3.26,-0.01,-0.31,48503.09,15789.922
002498.SZ,20180119,3.25,3.26,3.24,3.25,3.25,0.0,0.0,41524.93,13491.051
002498.SZ,20180122,3.24,3.26,3.21,3.24,3.25,-0.01,-0.31,39656.1,12823.088
002498.SZ,20180123,3.23,3.27,3.23,3.25,3.24,0.01,0.31,31743.23,10327.189
002498.SZ,20180124,3.25,3.26,3.23,3.25,3.25,0.0,0.0,46267.21,14981.904
002498.SZ,20180125,3.24,3.26,3.23,3.25,3.25,0.0,0.0,36707.71,11923.656
002498.SZ,20180126,3.25,3.27,3.23,3.26,3.25,0.01,0.31,34872.4,11333.01
002498.SZ,20180129,3.26,3.26,3.18,3.22,3.26,-0.04,-1.23,64632.9,20786.365
002498.SZ,20180130,3.21,3.3,3.2,3.26,3.22,0.04,1.24,63475.38,20588.938
002498.SZ,20180131,3.26,3.32,3.23,3.29,3.26,0.03,0.92,105427.93,34581.373
002498.SZ,20180201,3.29,3.32,3.14,3.24,3.29,-0.05,-1.52,103866.33,33534.046
002498.SZ,20180202,3.2,3.22,3.07,3.14,3.24,-0.1,-3.09,103705.77,32613.492
002498.SZ,20180205,3.11,3.12,3.08,3.1,3.14,-0.04,-1.27,38833.9,12042.349
002498.SZ,20180206,3.09,3.09,2.93,2.95,3.1,-0.15,-4.84,84929.78,25570.976
002498.SZ,20180207,2.97,3.01,2.95,2.98,2.95,0.03,1.02,36247.3,10815.597
002498.SZ,20180208,2.98,3.08,2.97,3.04,2.98,0.06,2.01,61257.91,18643.143
002498.SZ,20180209,3.01,3.01,2.83,2.93,3.04,-0.11,-3.62,70573.4,20718.665
002498.SZ,20180212,2.93,3.01,2.93,2.99,2.93,0.06,2.05,44958.0,13380.14
002498.SZ,20180213,2.98,3.0,2.93,2.97,2.99,-0.02,-0.67,52261.7,15510.699
002498.SZ,20180214,2.97,2.97,2.92,2.96,2.97,-0.01,-0.34,39418.82,11624.332
002498.SZ,20180222,2.98,3.0,2.97,2.99,2.96,0.03,1.01,18583.6,5547.571
002498.SZ,20180223,2.99,3.01,2.98,3.0,2.99,0.01,0.33,30545.17,9136.913
002498.SZ,20180226,3.0,3.04,2.99,3.04,3.0,0.04,1.33,40277.5,12159.468
002498.SZ,20180227,3.04,3.04,3.02,3.02,3.04,-0.02,-0.66,29215.8,8845.443
002498.SZ,20180228,3.02,3.02,2.97,3.01,3.02,-0.01,-0.33,39163.7,11727.705
002498.SZ,20180301,3.0,3.03,2.99,3.02,3.01,0.01,0.33,44183.47,13293.866
002498.SZ,20180302,3.02,3.02,2.98,3.0,3.02,-0.02,-0.66,48497.2,14530.916
002498.SZ,20180305,2.99,3.01,2.98,3.0,3.0,0.0,0.0,27625.3,8264.445
002498.SZ,20180306,3.0,3.03,2.99,3.02,3.0,0.02,0.67,53675.48,16147.609
002498.SZ,20180307,3.02,3.02,2.99,2.99,3.02,-0.03,-0.99,31742.58,9534.674
002498.SZ,20180308,2.99,3.03,2.98,3.03,2.99,0.04,1.34,37640.94,11304.95
002498.SZ,20180309,3.03,3.07,3.01,3.05,3.03,0.02,0.66,71836.03,21840.93
002498.SZ,20180312,3.03,3.1,3.03,3.09,3.05,0.04,1.31,69937.24,21518.13
002498.SZ,20180313,3.08,3.1,3.06,3.08,3.09,-0.01,-0.32,51890.8,15993.076
002498.SZ,20180314,3.07,3.09,3.04,3.05,3.08,-0.03,-0.97,44833.5,13757.093
002498.SZ,20180315,3.06,3.06,3.02,3.04,3.05,-0.01,-0.33,35124.9,10662.752
002498.SZ,20180316,3.04,3.07,3.03,3.05,3.04,0.01,0.33,34694.53,10580.665
002498.SZ,20180319,3.05,3.1,3.03,3.08,3.05,0.03,0.98,58048.13,17817.689
002498.SZ,20180320,3.05,3.07,3.04,3.06,3.08,-0.02,-0.65,40091.52,12246.535
002498.SZ,20180321,3.06,3.11,3.05,3.09,3.06,0.03,0.98,85169.77,26349.285
002498.SZ,20180322,3.09,3.14,3.07,3.12,3.09,0.03,0.97,81535.8,25392.219
002498.SZ,20180323,3.08,3.08,2.93,2.99,3.12,-0.13,-4.17,108165.18,32524.358
002498.SZ,20180326,2.95,3.0,2.87,2.99,2.99,0.0,0.0,95868.45,28286.472
002498.SZ,20180327,3.0,3.05,3.0,3.04,2.99,0.05,1.67,51435.01,15592.855
002498.SZ,20180328,3.01,3.03,3.0,3.0,3.04,-0.04,-1.32,32844.4,9895.288
002498.SZ,20180329,3.0,3.02,3.0,3.02,3.0,0.02,0.67,27495.42,8272.009
002498.SZ,20180330,3.02,3.05,3.01,3.03,3.02,0.01,0.33,31263.06,9456.154
002498.SZ,20180402,3.03,3.04,3.01,3.03,3.03,0.0,0.0,34927.72,10565.64
002498.SZ,20180403,3.0,3.0,2.96,2.98,3.03,-0.05,-1.65,33862.68,10093.385
002498.SZ,20180404,2.99,3.0,2.96,2.98,2.98,0.0,0.0,22940.1,6853.355
002498.SZ,20180409,2.97,2.98,2.95,2.97,2.98,-0.01,-0.34,36315.74,10766.205
002498.SZ,20180410,2.97,2.98,2.95,2.97,2.97,0.0,0.0,38451.5,11408.724
002498.SZ,20180411,2.98,3.02,2.98,2.99,2.97,0.02,0.67,41954.85,12563.475
002498.SZ,20180412,2.97,2.98,2.93,2.94,2.99,-0.05,-1.67,63690.58,18796.423
002498.SZ,20180413,2.94,3.02,2.93,2.96,2.94,0.02,0.68,64104.97,19015.286
002498.SZ,20180416,2.95,3.01,2.93,2.97,2.96,0.01,0.34,72003.01,21324.208
002498.SZ,20180417,2.96,3.0,2.91,2.98,2.97,0.01,0.34,56641.6,16745.339
002498.SZ,20180418,2.96,3.01,2.94,3.01,2.98,0.03,1.01,103910.29,30952.089
002498.SZ,20180419,3.01,3.05,3.0,3.03,3.01,0.02,0.66,199024.0,60113.9
002498.SZ,20180420,3.03,3.03,2.96,3.01,3.03,-0.02,-0.66,103824.31,31086.363
002498.SZ,20180423,2.99,3.05,2.95,3.0,3.01,-0.01,-0.33,116642.9,34836.293
002498.SZ,20180424,3.0,3.06,2.98,3.01,3.0,0.01,0.33,130804.23,39245.271
002498.SZ,20180425,3.0,3.0,2.95,2.95,3.01,-0.06,-1.99,69487.82,20574.963
002498.SZ,20180426,2.95,2.95,2.88,2.92,2.95,-0.03,-1.02,65432.82,19078.269
002498.SZ,20180427,2.92,2.95,2.9,2.91,2.92,-0.01,-0.34,39040.0,11375.145
002498.SZ,20180502,2.94,2.94,2.9,2.94,2.91,0.03,1.03,46210.48,13485.751
002498.SZ,20180503,2.93,2.98,2.92,2.97,2.94,0.03,1.02,139426.37,41095.613
002498.SZ,20180504,2.96,2.99,2.92,2.94,2.97,-0.03,-1.01,88918.08,26187.814
002498.SZ,20180507,2.93,2.96,2.92,2.95,2.94,0.01,0.34,70968.13,20838.136
002498.SZ,20180508,2.95,2.96,2.93,2.94,2.95,-0.01,-0.34,41333.2,12132.56
002498.SZ,20180509,2.93,2.94,2.91,2.92,2.94,-0.02,-0.68,39057.25,11404.943
002498.SZ,20180510,2.92,2.94,2.91,2.93,2.92,0.01,0.34,31588.19,9240.465
002498.SZ,20180511,2.93,2.97,2.91,2.95,2.93,0.02,0.68,74015.05,21743.692
002498.SZ,20180514,2.94,2.94,2.91,2.91,2.95,-0.04,-1.36,50256.1,14666.957
002498.SZ,20180515,2.91,2.92,2.9,2.91,2.91,0.0,0.0,35269.41,10264.768
002498.SZ,20180516,2.91,2.91,2.89,2.89,2.91,-0.02,-0.69,33648.94,9755.18
002498.SZ,20180517,2.89,2.9,2.87,2.88,2.89,-0.01,-0.35,30047.0,8662.66
002498.SZ,20180518,2.88,2.89,2.87,2.89,2.88,0.01,0.35,26869.8,7744.808
002498.SZ,20180521,2.89,2.92,2.89,2.91,2.89,0.02,0.69,39127.31,11361.243
002498.SZ,20180522,2.9,2.91,2.9,2.91,2.91,0.0,0.0,27746.0,8056.865
002498.SZ,20180523,2.9,2.91,2.88,2.89,2.91,-0.02,-0.69,25735.2,7453.705
002498.SZ,20180524,2.88,2.9,2.87,2.88,2.89,-0.01,-0.35,25836.4,7445.713
002498.SZ,20180525,2.87,2.88,2.83,2.83,2.88,-0.05,-1.74,56355.0,16083.594
002498.SZ,20180528,2.84,2.85,2.73,2.77,2.83,-0.06,-2.12,78848.45,22043.385
002498.SZ,20180529,2.76,2.77,2.73,2.74,2.77,-0.03,-1.08,40967.42,11267.554
002498.SZ,20180530,2.71,2.71,2.65,2.66,2.74,-0.08,-2.92,60348.76,16132.625
002498.SZ,20180531,2.66,2.7,2.66,2.69,2.66,0.03,1.13,35150.36,9399.442
002498.SZ,20180601,2.67,2.69,2.66,2.67,2.69,-0.02,-0.74,26331.16,7031.06
002498.SZ,20180604,2.68,2.68,2.66,2.66,2.67,-0.01,-0.37,19829.75,5298.843
002498.SZ,20180605,2.66,2.71,2.65,2.7,2.66,0.04,1.5,32516.96,8737.379
002498.SZ,20180606,2.71,2.71,2.68,2.68,2.7,-0.02,-0.74,26952.0,7245.378
002498.SZ,20180607,2.65,2.66,2.64,2.64,2.64,0.0,0.0,33735.0,8948.442
002498.SZ,20180608,2.65,2.65,2.59,2.6,2.64,-0.04,-1.52,33241.67,8672.363
002498.SZ,20180611,2.59,2.6,2.53,2.54,2.6,-0.06,-2.31,35617.0,9124.085
002498.SZ,20180612,2.54,2.55,2.51,2.54,2.54,0.0,0.0,35370.08,8945.652
002498.SZ,20180613,2.54,2.54,2.42,2.43,2.54,-0.11,-4.33,81224.1,20079.876
002498.SZ,20180614,2.41,2.45,2.39,2.41,2.43,-0.02,-0.82,51239.96,12383.676
002498.SZ,20180615,2.41,2.41,2.32,2.33,2.41,-0.08,-3.32,63979.4,15073.025
002498.SZ,20180619,2.32,2.32,2.1,2.11,2.33,-0.22,-9.44,137238.71,30017.749
002498.SZ,20180620,2.1,2.16,2.09,2.15,2.11,0.04,1.9,74657.44,15953.095
002498.SZ,20180621,2.16,2.19,2.13,2.13,2.15,-0.02,-0.93,53576.88,11579.542
002498.SZ,20180622,2.13,2.2,2.12,2.19,2.13,0.06,2.82,71412.03,15481.1
002498.SZ,20180625,2.19,2.24,2.19,2.19,2.19,0.0,0.0,45984.17,10165.448
002498.SZ,20180626,2.17,2.22,2.16,2.21,2.19,0.02,0.91,42074.63,9255.155
002498.SZ,20180627,2.2,2.23,2.19,2.21,2.21,0.0,0.0,40003.75,8853.214
002498.SZ,20180628,2.21,2.21,2.15,2.17,2.21,-0.04,-1.81,32205.2,7063.25
002498.SZ,20180629,2.17,2.22,2.17,2.21,2.17,0.04,1.84,49552.49,10915.227
002498.SZ,20180702,2.2,2.33,2.2,2.23,2.21,0.02,0.91,126758.01,28729.559
002498.SZ,20180703,2.22,2.28,2.21,2.26,2.23,0.03,1.35,67794.78,15180.241
002498.SZ,20180704,2.26,2.27,2.23,2.24,2.26,-0.02,-0.89,38332.0,8622.403
002498.SZ,20180705,2.24,2.25,2.15,2.16,2.24,-0.08,-3.57,54008.0,11844.422
002498.SZ,20180706,2.17,2.19,2.09,2.17,2.16,0.01,0.46,60757.5,13067.619
002498.SZ,20180709,2.17,2.21,2.16,2.2,2.17,0.03,1.38,29806.7,6537.23
002498.SZ,20180710,2.2,2.21,2.18,2.19,2.2,-0.01,-0.45,27196.0,5963.889
002498.SZ,20180711,2.17,2.18,2.12,2.14,2.19,-0.05,-2.28,45168.8,9703.814
002498.SZ,20180712,2.15,2.2,2.13,2.19,2.14,0.05,2.34,43315.28,9426.174
002498.SZ,20180713,2.19,2.2,2.18,2.2,2.19,0.01,0.46,26885.71,5903.679
002498.SZ,20180716,2.21,2.21,2.17,2.18,2.2,-0.02,-0.91,30861.23,6734.301
002498.SZ,20180717,2.17,2.19,2.17,2.18,2.18,0.0,0.0,23900.77,5212.15
002498.SZ,20180718,2.21,2.26,2.21,2.23,2.18,0.05,2.29,82997.26,18611.805
002498.SZ,20180719,2.22,2.22,2.19,2.19,2.23,-0.04,-1.79,38415.4,8452.784
002498.SZ,20180720,2.2,2.22,2.18,2.21,2.19,0.02,0.9132,46410.31,10209.924
002498.SZ,20180723,2.2,2.23,2.19,2.23,2.21,0.02,0.905,40844.4,9028.778
002498.SZ,20180724,2.23,2.27,2.22,2.27,2.23,0.04,1.7937,71127.84,16039.662
002498.SZ,20180725,2.26,2.3,2.26,2.29,2.27,0.02,0.8811,83900.95,19191.668
002498.SZ,20180726,2.3,2.42,2.28,2.35,2.29,0.06,2.6201,175997.43,41375.942
002498.SZ,20180727,2.34,2.35,2.3,2.3,2.35,-0.05,-2.1277,78644.0,18222.148
002498.SZ,20180730,2.3,2.31,2.26,2.27,2.3,-0.03,-1.3043,55884.38,12766.814
002498.SZ,20180731,2.28,2.33,2.27,2.3,2.27,0.03,1.3216,50129.68,11540.776
002498.SZ,20180801,2.29,2.32,2.26,2.27,2.3,-0.03,-1.3043,41325.6,9467.641
002498.SZ,20180802,2.25,2.27,2.18,2.23,2.27,-0.04,-1.7621,52649.3,11671.43
002498.SZ,20180803,2.22,2.24,2.21,2.21,2.23,-0.02,-0.8969,28041.7,6237.864
002498.SZ,20180806,2.21,2.23,2.18,2.19,2.21,-0.02,-0.905,42304.0,9312.049
002498.SZ,20180807,2.19,2.23,2.19,2.23,2.19,0.04,1.8265,56932.18,12576.44
002498.SZ,20180808,2.22,2.23,2.21,2.22,2.23,-0.01,-0.4484,39714.76,8813.576
002498.SZ,20180809,2.19,2.26,2.19,2.24,2.22,0.02,0.9009,49744.5,11120.869
002498.SZ,20180810,2.24,2.27,2.23,2.27,2.24,0.03,1.3393,40835.4,9187.499
002498.SZ,20180813,2.26,2.26,2.22,2.24,2.27,-0.03,-1.3216,38395.29,8583.144
002498.SZ,20180814,2.24,2.26,2.22,2.25,2.24,0.01,0.4464,27516.67,6170.657
002498.SZ,20180815,2.25,2.25,2.19,2.19,2.25,-0.06,-2.6667,44970.8,9967.604
002498.SZ,20180816,2.19,2.2,2.16,2.19,2.19,0.0,0.0,40526.1,8838.001
002498.SZ,20180817,2.19,2.21,2.16,2.16,2.19,-0.03,-1.3699,36267.9,7891.953
002498.SZ,20180820,2.16,2.18,2.13,2.16,2.16,0.0,0.0,23855.15,5139.442
002498.SZ,20180821,2.16,2.19,2.15,2.18,2.16,0.02,0.9259,23443.41,5097.555
002498.SZ,20180822,2.17,2.18,2.14,2.15,2.18,-0.03,-1.3761,20007.2,4325.637
002498.SZ,20180823,2.15,2.17,2.14,2.16,2.15,0.01,0.4651,28578.7,6153.433
002498.SZ,20180824,2.16,2.17,2.14,2.16,2.16,0.0,0.0,17174.4,3699.81
002498.SZ,20180827,2.16,2.19,2.16,2.19,2.16,0.03,1.3889,30081.4,6551.247
002498.SZ,20180828,2.2,2.22,2.19,2.2,2.19,0.01,0.4566,41111.57,9075.31
002498.SZ,20180829,2.2,2.2,2.15,2.17,2.2,-0.03,-1.3636,30657.6,6661.155
002498.SZ,20180830,2.16,2.18,2.14,2.15,2.17,-0.02,-0.9217,25485.0,5497.167
002498.SZ,20180831,2.14,2.16,2.13,2.14,2.15,-0.01,-0.4651,21931.8,4704.163
002498.SZ,20180903,2.14,2.15,2.12,2.14,2.14,0.0,0.0,20780.03,4440.506
002498.SZ,20180904,2.14,2.18,2.13,2.17,2.14,0.03,1.4019,35595.83,7691.214
002498.SZ,20180905,2.18,2.19,2.13,2.14,2.17,-0.03,-1.3825,36177.1,7813.951
002498.SZ,20180906,2.13,2.16,2.13,2.15,2.14,0.01,0.4673,20116.9,4312.976
002498.SZ,20180907,2.15,2.22,2.14,2.18,2.15,0.03,1.3953,70400.2,15384.484
002498.SZ,20180910,2.17,2.2,2.16,2.16,2.18,-0.02,-0.9174,36445.0,7942.91
002498.SZ,20180911,2.16,2.19,2.15,2.18,2.16,0.02,0.9259,28302.9,6143.81
002498.SZ,20180912,2.17,2.4,2.17,2.25,2.18,0.07,3.211,185356.93,42467.231
002498.SZ,20180913,2.24,2.36,2.22,2.33,2.25,0.08,3.5556,209435.97,47866.986
002498.SZ,20180914,2.3,2.33,2.26,2.26,2.33,-0.07,-3.0043,128043.14,29335.789
002498.SZ,20180917,2.26,2.28,2.24,2.24,2.26,-0.02,-0.885,53360.94,12036.998
002498.SZ,20180918,2.24,2.28,2.22,2.28,2.24,0.04,1.7857,70206.46,15786.089
002498.SZ,20180919,2.27,2.28,2.25,2.27,2.28,-0.01,-0.4386,83054.62,18805.039
002498.SZ,20180920,2.26,2.27,2.22,2.26,2.27,-0.01,-0.4405,73525.1,16519.811
002498.SZ,20180921,2.25,2.27,2.23,2.26,2.26,0.0,0.0,50593.53,11392.418
002498.SZ,20180925,2.25,2.26,2.23,2.24,2.26,-0.02,-0.885,31479.7,7073.494
002498.SZ,20180926,2.23,2.27,2.23,2.25,2.24,0.01,0.4464,59789.9,13457.485
002498.SZ,20180927,2.25,2.25,2.22,2.22,2.25,-0.03,-1.3333,34386.88,7670.806
002498.SZ,20180928,2.22,2.25,2.22,2.24,2.22,0.02,0.9009,25673.46,5739.266
002498.SZ,20181008,2.23,2.23,2.17,2.18,2.24,-0.06,-2.6786,41551.88,9136.759
002498.SZ,20181009,2.17,2.2,2.15,2.17,2.18,-0.01,-0.4587,39142.22,8488.902
002498.SZ,20181010,2.17,2.2,2.13,2.15,2.17,-0.02,-0.9217,51338.8,11092.346
002498.SZ,20181011,2.12,2.12,1.98,2.0,2.15,-0.15,-6.9767,102892.0,20969.673
002498.SZ,20181012,1.98,2.01,1.89,1.99,2.0,-0.01,-0.5,63970.97,12560.705
002498.SZ,20181015,1.99,2.01,1.96,1.96,1.99,-0.03,-1.5075,33005.8,6558.624
002498.SZ,20181016,1.96,1.99,1.94,1.95,1.96,-0.01,-0.5102,22953.2,4508.834
002498.SZ,20181017,1.96,1.98,1.93,1.96,1.95,0.01,0.5128,23941.0,4687.014
002498.SZ,20181018,1.96,1.96,1.87,1.88,1.96,-0.08,-4.0816,41339.0,7857.839
002498.SZ,20181019,1.86,1.9,1.8,1.9,1.88,0.02,1.0638,57978.8,10731.489
002498.SZ,20181022,1.9,2.0,1.89,1.97,1.9,0.07,3.6842,64373.63,12599.0
002498.SZ,20181023,1.98,1.98,1.94,1.96,1.97,-0.01,-0.5076,37153.16,7290.743
002498.SZ,20181024,1.94,1.99,1.94,1.97,1.96,0.01,0.5102,42565.13,8368.582
002498.SZ,20181025,1.93,1.96,1.9,1.95,1.97,-0.02,-1.0152,42557.12,8220.098
002498.SZ,20181026,1.96,2.0,1.96,1.98,1.95,0.03,1.5385,47532.42,9404.174
002498.SZ,20181029,1.97,1.99,1.95,1.96,1.98,-0.02,-1.0101,31190.0,6135.918
002498.SZ,20181030,1.96,2.03,1.95,2.0,1.96,0.04,2.0408,55210.14,10948.713
002498.SZ,20181031,2.0,2.02,1.99,2.0,2.0,0.0,0.0,34790.0,6985.715
002498.SZ,20181101,2.01,2.03,2.0,2.0,2.0,0.0,0.0,40536.0,8171.124
002498.SZ,20181102,2.02,2.05,2.01,2.04,2.0,0.04,2.0,43950.9,8923.435
002498.SZ,20181105,2.06,2.06,2.02,2.05,2.04,0.01,0.4902,38640.5,7885.655
002498.SZ,20181106,2.04,2.04,2.01,2.04,2.05,-0.01,-0.4878,31423.35,6375.805
002498.SZ,20181107,2.04,2.05,2.02,2.02,2.04,-0.02,-0.9804,38029.5,7739.367
002498.SZ,20181108,2.03,2.13,2.02,2.06,2.02,0.04,1.9802,127891.3,26481.947
002498.SZ,20181109,2.04,2.06,2.03,2.04,2.06,-0.02,-0.9709,59392.0,12134.4
002498.SZ,20181112,2.03,2.12,2.03,2.11,2.04,0.07,3.4314,120694.6,25220.444
002498.SZ,20181113,2.08,2.23,2.08,2.2,2.11,0.09,4.2654,217451.84,47476.282
002498.SZ,20181114,2.21,2.25,2.15,2.17,2.2,-0.03,-1.3636,169958.71,37389.295
002498.SZ,20181115,2.18,2.27,2.17,2.23,2.17,0.06,2.765,166792.03,36944.27
002498.SZ,20181116,2.24,2.26,2.2,2.22,2.23,-0.01,-0.4484,126836.41,28206.247
002498.SZ,20181119,2.22,2.23,2.17,2.21,2.22,-0.01,-0.4505,86853.35,19070.405
002498.SZ,20181120,2.2,2.21,2.16,2.16,2.21,-0.05,-2.2624,74525.16,16253.48
002498.SZ,20181121,2.15,2.19,2.15,2.19,2.16,0.03,1.3889,74968.77,16223.396
002498.SZ,20181122,2.19,2.21,2.17,2.21,2.19,0.02,0.9132,53480.1,11695.612
002498.SZ,20181123,2.2,2.2,2.08,2.09,2.21,-0.12,-5.4299,104256.8,22159.676
002498.SZ,20181126,2.09,2.11,2.07,2.09,2.09,0.0,0.0,40133.08,8392.353
002498.SZ,20181127,2.09,2.11,2.09,2.1,2.09,0.01,0.4785,44193.94,9276.635
002498.SZ,20181128,2.1,2.15,2.09,2.14,2.1,0.04,1.9048,61574.12,13081.751
002498.SZ,20181129,2.14,2.16,2.11,2.11,2.14,-0.03,-1.4019,72795.0,15539.528
002498.SZ,20181130,2.1,2.13,2.08,2.12,2.11,0.01,0.4739,56547.2,11918.162
002498.SZ,20181203,2.14,2.2,2.13,2.19,2.12,0.07,3.3019,114155.4,24732.836
002498.SZ,20181204,2.18,2.21,2.17,2.2,2.19,0.01,0.4566,70151.94,15364.143
002498.SZ,20181205,2.17,2.21,2.16,2.19,2.2,-0.01,-0.4545,63661.9,13937.785
002498.SZ,20181206,2.18,2.25,2.17,2.2,2.19,0.01,0.4566,86059.71,18968.544
002498.SZ,20181207,2.19,2.21,2.16,2.17,2.2,-0.03,-1.3636,43877.12,9540.553
002498.SZ,20181210,2.17,2.17,2.13,2.15,2.17,-0.02,-0.9217,35521.5,7620.472
002498.SZ,20181211,2.16,2.16,2.14,2.16,2.15,0.01,0.4651,34534.39,7429.283
002498.SZ,20181212,2.16,2.16,2.14,2.15,2.16,-0.01,-0.463,24119.2,5192.891
002498.SZ,20181213,2.15,2.18,2.14,2.16,2.15,0.01,0.4651,28828.27,6226.052
002498.SZ,20181214,2.16,2.17,2.12,2.13,2.16,-0.03,-1.3889,34138.89,7305.134
002498.SZ,20181217,2.11,2.13,2.11,2.13,2.13,0.0,0.0,27174.5,5750.698
002498.SZ,20181218,2.13,2.13,2.08,2.09,2.13,-0.04,-1.8779,37280.6,7821.32
002498.SZ,20181219,2.09,2.1,2.05,2.06,2.09,-0.03,-1.4354,30586.5,6351.279
002498.SZ,20181220,2.06,2.08,2.04,2.06,2.06,0.0,0.0,33099.3,6815.2
002498.SZ,20181221,2.05,2.06,2.02,2.03,2.06,-0.03,-1.4563,32699.98,6653.526
002498.SZ,20181224,2.03,2.05,2.02,2.04,2.03,0.01,0.4926,19045.02,3882.408
002498.SZ,20181225,2.03,2.03,1.98,2.01,2.04,-0.03,-1.4706,40750.74,8136.889
002498.SZ,20181226,2.04,2.13,2.02,2.08,2.01,0.07,3.4826,131729.59,27493.347
002498.SZ,20181227,2.08,2.09,1.99,1.99,2.08,-0.09,-4.3269,89978.13,18345.397
002498.SZ,20181228,1.99,2.01,1.97,1.99,1.99,0.0,0.0,53101.95,10574.272
002498.SZ,20190102,1.99,2.0,1.97,2.0,1.99,0.01,0.5025,34938.26,6949.236
002498.SZ,20190103,2.02,2.06,2.01,2.06,2.0,0.06,3.0,103126.44,21092.232
002498.SZ,20190104,2.04,2.27,2.03,2.27,2.06,0.21,10.1942,360037.04,80196.321
002498.SZ,20190107,2.5,2.5,2.5,2.5,2.27,0.23,10.1322,85418.45,21354.612
002498.SZ,20190108,2.75,2.75,2.66,2.75,2.5,0.25,10.0,1614291.12,441454.487
002498.SZ,20190109,2.76,3.03,2.64,3.0,2.75,0.25,9.0909,2027180.3,588126.052
002498.SZ,20190110,2.81,3.09,2.79,2.9,3.0,-0.1,-3.3333,1623505.29,474979.707
002498.SZ,20190111,2.82,3.19,2.74,3.19,2.9,0.29,10.0,1801696.1,535852.651
002498.SZ,20190114,3.2,3.34,2.97,3.0,3.19,-0.19,-5.9561,1581649.48,492816.527
002498.SZ,20190115,2.95,3.2,2.87,3.06,3.0,0.06,2.0,1201527.98,365336.999
002498.SZ,20190116,3.02,3.19,2.96,3.06,3.06,0.0,0.0,1028442.02,317407.879
002498.SZ,20190117,3.0,3.07,2.92,2.95,3.06,-0.11,-3.5948,943347.69,280571.719
002498.SZ,20190118,2.98,2.98,2.71,2.74,2.95,-0.21,-7.1186,932616.46,260945.155
002498.SZ,20190121,2.76,2.77,2.66,2.73,2.74,-0.01,-0.365,469171.27,127921.862
002498.SZ,20190122,2.72,2.76,2.68,2.71,2.73,-0.02,-0.7326,419436.4,113696.905
002498.SZ,20190123,2.72,2.73,2.66,2.72,2.71,0.01,0.369,342828.0,92240.693
002498.SZ,20190124,2.71,2.71,2.65,2.66,2.72,-0.06,-2.2059,319415.0,85382.101
002498.SZ,20190125,2.65,2.67,2.53,2.54,2.66,-0.12,-4.5113,470830.83,121844.84
002498.SZ,20190128,2.58,2.59,2.49,2.51,2.54,-0.03,-1.1811,265448.76,67199.997
002498.SZ,20190129,2.52,2.52,2.37,2.42,2.51,-0.09,-3.5857,329771.2,79880.606
002498.SZ,20190130,2.43,2.49,2.39,2.4,2.42,-0.02,-0.8264,279206.19,68336.944
002498.SZ,20190131,2.39,2.42,2.27,2.32,2.4,-0.08,-3.3333,326783.46,76821.606
002498.SZ,20190201,2.32,2.49,2.32,2.46,2.32,0.14,6.0345,368272.82,89188.05
002498.SZ,20190211,2.51,2.55,2.43,2.54,2.46,0.08,3.252,393275.2,98302.295
002498.SZ,20190212,2.55,2.58,2.51,2.57,2.54,0.03,1.1811,376859.45,95889.342
002498.SZ,20190213,2.55,2.64,2.52,2.6,2.57,0.03,1.1673,399034.06,102949.482
002498.SZ,20190214,2.58,2.71,2.55,2.66,2.6,0.06,2.3077,591318.79,155864.123
002498.SZ,20190215,2.62,2.69,2.59,2.6,2.66,-0.06,-2.2556,423134.25,111467.908
002498.SZ,20190218,2.59,2.68,2.59,2.67,2.6,0.07,2.6923,440899.19,116350.302
002498.SZ,20190219,2.69,2.9,2.62,2.86,2.67,0.19,7.1161,878480.2,242737.618
002498.SZ,20190220,2.8,2.9,2.76,2.81,2.86,-0.05,-1.7483,612926.26,172784.872
002498.SZ,20190221,2.82,2.88,2.76,2.78,2.81,-0.03,-1.0676,538206.08,151914.418
002498.SZ,20190222,2.77,2.82,2.7,2.8,2.78,0.02,0.7194,501341.43,138187.92
002498.SZ,20190225,2.8,3.0,2.8,2.95,2.8,0.15,5.3571,821582.34,240017.672
002498.SZ,20190226,2.96,3.0,2.87,2.9,2.95,-0.05,-1.6949,773843.21,226737.321
002498.SZ,20190227,2.87,2.93,2.81,2.84,2.9,-0.06,-2.069,480013.78,138124.92
002498.SZ,20190228,2.85,2.97,2.83,2.9,2.84,0.06,2.1127,424741.26,123280.373
002498.SZ,20190301,2.93,2.95,2.83,2.87,2.9,-0.03,-1.0345,340418.3,97339.849
002498.SZ,20190304,2.88,2.94,2.86,2.89,2.87,0.02,0.6969,529106.11,153325.009
002498.SZ,20190305,2.87,2.93,2.85,2.93,2.89,0.04,1.3841,436785.57,126447.913
002498.SZ,20190306,2.98,3.18,2.98,3.1,2.93,0.17,5.802,861126.27,264826.0
002498.SZ,20190307,3.12,3.15,3.05,3.11,3.1,0.01,0.3226,728577.48,225056.889
002498.SZ,20190308,3.07,3.08,2.81,2.85,3.11,-0.26,-8.3601,645895.34,191563.541
002498.SZ,20190311,2.82,3.14,2.82,3.14,2.85,0.29,10.1754,667340.12,202653.822
002498.SZ,20190312,3.45,3.45,3.45,3.45,3.14,0.31,9.8726,179284.8,61853.256
002498.SZ,20190313,3.75,3.75,3.41,3.52,3.45,0.07,2.029,1968687.9,710817.681
002498.SZ,20190314,3.37,3.38,3.17,3.18,3.52,-0.34,-9.6591,965614.71,312799.179
002498.SZ,20190315,3.18,3.28,3.09,3.16,3.18,-0.02,-0.6289,561967.27,179213.667
002498.SZ,20190318,3.27,3.27,3.17,3.22,3.16,0.06,1.8987,466163.33,149983.469
002498.SZ,20190319,3.22,3.48,3.17,3.37,3.22,0.15,4.6584,590570.81,192322.515
002498.SZ,20190320,3.3,3.33,3.21,3.25,3.37,-0.12,-3.5608,439095.61,143539.472
002498.SZ,20190321,3.25,3.3,3.21,3.25,3.25,0.0,0.0,403922.73,131664.307
002498.SZ,20190322,3.23,3.24,3.15,3.19,3.25,-0.06,-1.8462,341057.87,108533.291
002498.SZ,20190325,3.13,3.19,3.09,3.15,3.19,-0.04,-1.2539,268590.67,84752.667
002498.SZ,20190326,3.15,3.18,3.02,3.03,3.15,-0.12,-3.8095,321697.1,99550.331
002498.SZ,20190327,3.04,3.09,2.96,3.05,3.03,0.02,0.6601,291947.9,88158.241
002498.SZ,20190328,3.04,3.09,3.0,3.0,3.05,-0.05,-1.6393,180723.5,54918.695
002498.SZ,20190329,3.0,3.06,2.95,3.05,3.0,0.05,1.6667,242099.68,73003.157
002498.SZ,20190401,3.07,3.26,3.07,3.18,3.05,0.13,4.2623,388289.1,122706.505
002498.SZ,20190402,3.2,3.23,3.15,3.16,3.18,-0.02,-0.6289,308902.88,98203.997
002498.SZ,20190403,3.15,3.18,3.11,3.16,3.16,0.0,0.0,221088.31,69574.699
002498.SZ,20190404,3.18,3.3,3.16,3.22,3.16,0.06,1.8987,431645.53,138861.828
002498.SZ,20190408,3.22,3.23,3.12,3.17,3.22,-0.05,-1.5528,310360.54,98775.74
002498.SZ,20190409,3.17,3.19,3.14,3.17,3.17,0.0,0.0,187181.35,59273.824
002498.SZ,20190410,3.15,3.28,3.12,3.23,3.17,0.06,1.8927,448119.71,144008.384
002498.SZ,20190411,3.22,3.22,3.15,3.16,3.23,-0.07,-2.1672,258181.07,82222.667
002498.SZ,20190412,3.13,3.17,3.12,3.15,3.16,-0.01,-0.3165,163012.04,51214.668
002498.SZ,20190415,3.17,3.2,3.11,3.12,3.15,-0.03,-0.9524,182864.09,57945.189
002498.SZ,20190416,3.14,3.15,3.05,3.15,3.12,0.03,0.9615,201727.23,62728.724
002498.SZ,20190417,3.16,3.23,3.14,3.19,3.15,0.04,1.2698,284926.64,90938.059
002498.SZ,20190418,3.2,3.47,3.18,3.43,3.19,0.24,7.5235,987842.9,330343.159
002498.SZ,20190419,3.33,3.77,3.31,3.77,3.43,0.34,9.9125,1996206.13,737590.502
002498.SZ,20190422,3.85,4.15,3.77,3.89,3.77,0.12,3.183,2561607.85,1003957.54
002498.SZ,20190423,3.69,3.78,3.5,3.5,3.89,-0.39,-10.0257,1399235.95,503857.844
002498.SZ,20190424,3.5,3.59,3.41,3.59,3.5,0.09,2.5714,708148.81,249818.699
002498.SZ,20190425,3.57,3.57,3.27,3.32,3.59,-0.27,-7.5209,746063.32,254535.444
002498.SZ,20190426,3.31,3.47,3.26,3.35,3.32,0.03,0.9036,531259.67,179988.058
002498.SZ,20190429,3.32,3.37,3.12,3.16,3.35,-0.19,-5.6716,567771.57,182616.827
002498.SZ,20190430,3.17,3.25,3.14,3.2,3.16,0.04,1.2658,329569.08,105637.926
002498.SZ,20190506,3.12,3.13,2.88,2.9,3.2,-0.3,-9.375,507982.3,152497.786
002498.SZ,20190507,2.92,3.04,2.9,2.96,2.9,0.06,2.069,340618.78,100776.537
002498.SZ,20190508,2.9,2.98,2.8,2.92,2.96,-0.04,-1.3514,273191.78,79431.115
002498.SZ,20190509,2.9,2.94,2.86,2.91,2.92,-0.01,-0.3425,171908.65,49954.285
002498.SZ,20190510,2.92,3.04,2.82,3.03,2.91,0.12,4.1237,414924.06,123543.564
002498.SZ,20190513,3.0,3.09,2.96,3.0,3.03,-0.03,-0.9901,301014.35,91132.197
002498.SZ,20190514,2.97,3.08,2.94,3.03,3.0,0.03,1.0,297306.35,90086.079
002498.SZ,20190515,3.06,3.09,3.02,3.07,3.03,0.04,1.3201,273560.55,83603.968
002498.SZ,20190516,3.07,3.08,3.04,3.08,3.07,0.01,0.3257,208812.23,63898.678
002498.SZ,20190517,3.1,3.11,2.92,2.96,3.08,-0.12,-3.8961,279893.42,83943.3
002498.SZ,20190520,2.96,2.98,2.83,2.98,2.96,0.02,0.6757,213428.09,62212.014
002498.SZ,20190521,2.97,3.03,2.95,3.01,2.98,0.03,1.0067,190309.47,57106.254
002498.SZ,20190522,3.0,3.0,2.92,2.95,3.01,-0.06,-1.9934,179154.2,53064.799
002498.SZ,20190523,2.93,2.96,2.87,2.89,2.95,-0.06,-2.0339,162451.31,47320.645
002498.SZ,20190524,2.86,2.92,2.85,2.87,2.89,-0.02,-0.692,105799.35,30480.734
002498.SZ,20190527,2.88,2.94,2.86,2.93,2.87,0.06,2.0906,135205.87,39324.69
002498.SZ,20190528,2.94,2.96,2.91,2.92,2.93,-0.01,-0.3413,124573.96,36619.167
002498.SZ,20190529,2.91,2.93,2.9,2.92,2.92,0.0,0.0,111199.6,32411.382
002498.SZ,20190530,2.9,2.93,2.85,2.88,2.92,-0.04,-1.3699,126893.67,36458.665
002498.SZ,20190531,2.87,2.91,2.86,2.86,2.88,-0.02,-0.6944,112551.52,32396.101
002498.SZ,20190603,2.84,2.88,2.77,2.79,2.86,-0.07,-2.4476,157602.1,44417.587
002498.SZ,20190604,2.8,2.8,2.66,2.68,2.79,-0.11,-3.9427,182346.27,49568.542
002498.SZ,20190605,2.72,2.74,2.68,2.69,2.68,0.01,0.3731,93994.7,25412.568
002498.SZ,20190606,2.71,2.71,2.64,2.65,2.69,-0.04,-1.487,105814.9,28217.896
002498.SZ,20190610,2.67,2.7,2.66,2.7,2.65,0.05,1.8868,85379.43,22929.813
002498.SZ,20190611,2.72,2.81,2.71,2.8,2.7,0.1,3.7037,163170.65,45222.434
002498.SZ,20190612,2.81,2.96,2.79,2.85,2.8,0.05,1.7857,257457.58,74194.99
002498.SZ,20190613,3.1,3.14,3.1,3.14,2.85,0.29,10.1754,223592.15,70101.665
002498.SZ,20190614,3.45,3.45,3.1,3.12,3.14,-0.02,-0.6369,1356082.2,449893.636
002498.SZ,20190617,2.91,3.03,2.88,2.91,3.12,-0.21,-6.7308,586691.41,172323.04
002498.SZ,20190618,2.91,2.94,2.78,2.83,2.87,-0.04,-1.3937,319826.8,90490.078
002498.SZ,20190619,2.89,2.91,2.83,2.86,2.83,0.03,1.0601,269010.94,77002.101
002498.SZ,20190620,2.83,3.15,2.81,3.07,2.86,0.21,7.3427,797219.67,242677.782
002498.SZ,20190621,3.0,3.19,2.97,3.14,3.07,0.07,2.2801,794418.66,244069.249
002498.SZ,20190624,3.12,3.14,3.04,3.06,3.14,-0.08,-2.5478,417033.7,128536.409
002498.SZ,20190625,3.07,3.16,3.04,3.08,3.06,0.02,0.6536,494252.8,153260.655
002498.SZ,20190626,3.05,3.09,3.03,3.04,3.08,-0.04,-1.2987,199285.89,60838.953
002498.SZ,20190627,3.04,3.07,3.01,3.03,3.04,-0.01,-0.3289,198099.0,60240.078
002498.SZ,20190628,3.04,3.04,2.93,2.96,3.03,-0.07,-2.3102,188440.2,55883.282
002498.SZ,20190701,3.02,3.06,3.01,3.06,2.96,0.1,3.3784,223384.76,67815.149
002498.SZ,20190702,3.05,3.06,3.01,3.03,3.06,-0.03,-0.9804,147606.74,44732.617
002498.SZ,20190703,3.02,3.04,2.98,3.01,3.03,-0.02,-0.6601,117576.65,35272.065
002498.SZ,20190704,3.01,3.03,2.98,3.0,3.01,-0.01,-0.3322,113543.21,34079.907
002498.SZ,20190705,3.0,3.0,2.96,2.98,3.0,-0.02,-0.6667,95104.44,28345.316
002498.SZ,20190708,2.97,2.97,2.84,2.87,2.98,-0.11,-3.6913,186709.11,53836.491
002498.SZ,20190709,2.85,2.91,2.85,2.89,2.87,0.02,0.6969,86525.58,24947.925
002498.SZ,20190710,2.88,2.9,2.85,2.86,2.89,-0.03,-1.0381,74438.72,21389.794
002498.SZ,20190711,2.88,2.91,2.86,2.87,2.86,0.01,0.3497,65820.12,18957.69
002498.SZ,20190712,2.87,2.89,2.86,2.88,2.87,0.01,0.3484,63248.29,18157.789
002498.SZ,20190715,2.89,2.92,2.84,2.91,2.88,0.03,1.0417,90282.78,26058.766
002498.SZ,20190716,2.91,2.93,2.9,2.92,2.91,0.01,0.3436,69623.4,20276.214
002498.SZ,20190717,2.92,2.92,2.9,2.91,2.92,-0.01,-0.3425,73740.92,21446.031
002498.SZ,20190718,2.9,2.9,2.86,2.87,2.91,-0.04,-1.3746,71358.8,20523.221
002498.SZ,20190719,2.87,2.95,2.87,2.92,2.87,0.05,1.7422,117059.5,34237.066
002498.SZ,20190722,2.94,2.94,2.81,2.83,2.92,-0.09,-3.0822,121464.5,34632.048
002498.SZ,20190723,2.83,2.92,2.82,2.88,2.83,0.05,1.7668,110098.61,31620.151
002498.SZ,20190724,2.87,2.92,2.87,2.91,2.88,0.03,1.0417,95523.68,27727.33
002498.SZ,20190725,2.92,2.93,2.88,2.9,2.91,-0.01,-0.3436,66616.08,19285.874
002498.SZ,20190726,2.89,2.9,2.87,2.89,2.9,-0.01,-0.3448,43214.61,12456.335
002498.SZ,20190729,2.89,2.9,2.88,2.89,2.89,0.0,0.0,45927.9,13265.174
002498.SZ,20190730,2.88,2.92,2.88,2.9,2.89,0.01,0.346,102129.69,29620.033
002498.SZ,20190731,2.89,2.9,2.85,2.86,2.9,-0.04,-1.3793,70401.9,20161.071
002498.SZ,20190801,2.85,2.87,2.83,2.84,2.86,-0.02,-0.6993,66714.6,18978.081
002498.SZ,20190802,2.8,2.8,2.74,2.77,2.84,-0.07,-2.4648,102705.44,28461.287
002498.SZ,20190805,2.75,2.79,2.73,2.76,2.77,-0.01,-0.361,86121.0,23851.208
002498.SZ,20190806,2.73,2.73,2.6,2.67,2.76,-0.09,-3.2609,160595.2,42813.244
002498.SZ,20190807,2.67,2.73,2.67,2.68,2.67,0.01,0.3745,96696.7,26111.883
002498.SZ,20190808,2.7,2.72,2.68,2.69,2.68,0.01,0.3731,78407.9,21181.007
002498.SZ,20190809,2.72,2.72,2.66,2.67,2.69,-0.02,-0.7435,62163.42,16719.798
002498.SZ,20190812,2.66,2.7,2.64,2.69,2.67,0.02,0.7491,92719.92,24709.13
002498.SZ,20190813,2.67,2.67,2.65,2.67,2.69,-0.02,-0.7435,40033.0,10647.799
002498.SZ,20190814,2.69,2.72,2.68,2.69,2.67,0.02,0.7491,58553.25,15788.207
002498.SZ,20190815,2.64,2.67,2.6,2.67,2.69,-0.02,-0.7435,68600.65,18077.655
002498.SZ,20190816,2.66,2.69,2.65,2.67,2.67,0.0,0.0,70806.3,18902.484
002498.SZ,20190819,2.67,2.74,2.67,2.74,2.67,0.07,2.6217,119175.23,32402.73
002498.SZ,20190820,2.74,2.77,2.73,2.75,2.74,0.01,0.365,99086.5,27261.903
002498.SZ,20190821,2.75,2.75,2.73,2.73,2.75,-0.02,-0.7273,75267.81,20636.823
002498.SZ,20190822,2.74,2.77,2.74,2.77,2.73,0.04,1.4652,78588.36,21637.916
002498.SZ,20190823,2.77,2.79,2.75,2.79,2.77,0.02,0.722,78519.36,21771.077
002498.SZ,20190826,2.75,2.76,2.72,2.75,2.79,-0.04,-1.4337,69163.19,18945.891
002498.SZ,20190827,2.75,2.83,2.75,2.83,2.75,0.08,2.9091,138287.49,38830.502
002498.SZ,20190828,2.93,2.99,2.84,2.85,2.83,0.02,0.7067,288639.6,83729.718
002498.SZ,20190829,2.84,2.88,2.8,2.85,2.85,0.0,0.0,152026.35,43303.955
002498.SZ,20190830,2.87,2.92,2.79,2.82,2.85,-0.03,-1.0526,168552.4,48024.341
002498.SZ,20190902,2.81,2.89,2.78,2.87,2.82,0.05,1.773,169024.56,48250.504
002498.SZ,20190903,2.87,2.9,2.86,2.89,2.87,0.02,0.6969,149766.15,43231.98
002498.SZ,20190904,2.9,2.98,2.88,2.95,2.89,0.06,2.0761,293234.56,85966.62
002498.SZ,20190905,2.95,2.98,2.91,2.93,2.95,-0.02,-0.678,277459.85,81719.185
002498.SZ,20190906,2.94,2.97,2.91,2.93,2.93,0.0,0.0,134849.49,39589.828
002498.SZ,20190909,2.96,2.98,2.94,2.97,2.93,0.04,1.3652,184547.91,54666.399
002498.SZ,20190910,2.99,3.04,2.97,3.01,2.97,0.04,1.3468,184593.36,55426.237
002498.SZ,20190911,3.0,3.03,2.96,2.98,3.01,-0.03,-0.9967,178653.28,53532.377
002498.SZ,20190912,2.99,3.0,2.97,2.99,2.98,0.01,0.3356,96666.7,28890.035
002498.SZ,20190916,2.98,3.01,2.97,2.99,2.99,0.0,0.0,120223.09,36038.236
002498.SZ,20190917,2.99,3.0,2.89,2.91,2.99,-0.08,-2.6756,184556.3,54005.588
002498.SZ,20190918,2.9,2.92,2.88,2.88,2.91,-0.03,-1.0309,88534.18,25673.874
002498.SZ,20190919,2.9,2.94,2.88,2.93,2.88,0.05,1.7361,110212.61,32013.199
002498.SZ,20190920,2.94,3.05,2.91,3.0,2.93,0.07,2.3891,227811.38,67862.749
002498.SZ,20190923,2.98,2.98,2.89,2.92,3.0,-0.08,-2.6667,154473.14,45064.206
002498.SZ,20190924,2.92,2.94,2.9,2.91,2.92,-0.01,-0.3425,93559.3,27266.73
002498.SZ,20190925,2.89,2.9,2.83,2.83,2.91,-0.08,-2.7491,123295.23,35215.805
002498.SZ,20190926,2.86,2.86,2.78,2.79,2.83,-0.04,-1.4134,98038.84,27555.093
002498.SZ,20190927,2.78,2.81,2.77,2.79,2.79,0.0,0.0,72161.8,20151.204
002498.SZ,20190930,2.8,2.82,2.78,2.78,2.79,-0.01,-0.3584,71508.71,20005.283
002498.SZ,20191008,2.78,2.82,2.78,2.79,2.78,0.01,0.3597,73038.2,20403.119
002498.SZ,20191009,2.79,2.81,2.76,2.81,2.79,0.02,0.7168,61874.61,17182.448
002498.SZ,20191010,2.81,3.09,2.81,3.09,2.81,0.28,9.9644,833759.81,256480.346
002498.SZ,20191011,3.03,3.07,2.96,3.0,3.09,-0.09,-2.9126,737099.65,221942.454
002498.SZ,20191014,3.03,3.09,2.99,3.06,3.0,0.06,2.0,502473.17,152131.889
002498.SZ,20191015,3.03,3.05,2.99,3.01,3.06,-0.05,-1.634,218406.57,65642.197
002498.SZ,20191016,3.01,3.02,2.95,2.95,3.01,-0.06,-1.9934,183032.35,54463.26
002498.SZ,20191017,2.97,3.0,2.95,2.97,2.95,0.02,0.678,135740.73,40401.04
002498.SZ,20191018,2.97,2.99,2.92,2.93,2.97,-0.04,-1.3468,151435.27,44699.088
002498.SZ,20191021,2.91,2.92,2.85,2.88,2.93,-0.05,-1.7065,128220.4,36803.24
002498.SZ,20191022,2.9,3.01,2.88,2.97,2.88,0.09,3.125,193504.69,57265.889
002498.SZ,20191023,2.95,2.97,2.92,2.93,2.97,-0.04,-1.3468,113894.9,33422.3
002498.SZ,20191024,2.93,2.93,2.89,2.91,2.93,-0.02,-0.6826,83557.27,24275.655
002498.SZ,20191025,2.91,2.93,2.88,2.91,2.91,0.0,0.0,79894.92,23218.742
002498.SZ,20191028,2.93,2.99,2.91,2.99,2.91,0.08,2.7491,191324.46,56802.875
002498.SZ,20191029,3.0,3.0,2.95,2.96,2.99,-0.03,-1.0033,119573.99,35525.945
002498.SZ,20191030,2.95,3.1,2.93,3.01,2.96,0.05,1.6892,348536.41,105005.87
002498.SZ,20191031,2.98,3.02,2.89,2.92,3.01,-0.09,-2.99,252030.37,74251.012
002498.SZ,20191101,2.87,2.93,2.87,2.92,2.92,0.0,0.0,106669.27,31008.873
002498.SZ,20191104,2.94,2.94,2.91,2.92,2.92,0.0,0.0,82125.0,24033.392
002498.SZ,20191105,2.93,2.93,2.89,2.91,2.92,-0.01,-0.3425,87034.86,25331.774
002498.SZ,20191106,2.92,2.93,2.89,2.9,2.91,-0.01,-0.3436,73580.02,21391.641
002498.SZ,20191107,2.89,2.92,2.89,2.91,2.9,0.01,0.3448,68790.03,19963.365
002498.SZ,20191108,2.91,2.98,2.91,2.94,2.91,0.03,1.0309,176971.81,52253.044
002498.SZ,20191111,2.93,2.93,2.85,2.85,2.94,-0.09,-3.0612,134577.4,38832.015
002498.SZ,20191112,2.85,2.87,2.81,2.87,2.85,0.02,0.7018,111095.31,31529.406
002498.SZ,20191113,2.88,2.88,2.82,2.83,2.87,-0.04,-1.3937,69196.88,19636.119
002498.SZ,20191114,2.84,2.85,2.82,2.84,2.83,0.01,0.3534,78425.18,22255.848
002498.SZ,20191115,2.84,2.85,2.79,2.79,2.84,-0.05,-1.7606,100635.76,28211.574
002498.SZ,20191118,2.79,2.82,2.76,2.82,2.79,0.03,1.0753,61510.41,17201.872
002498.SZ,20191119,2.82,2.85,2.81,2.85,2.82,0.03,1.0638,61883.25,17561.534
002498.SZ,20191120,2.85,2.86,2.81,2.81,2.85,-0.04,-1.4035,68523.85,19426.891
002498.SZ,20191121,2.8,2.86,2.8,2.84,2.81,0.03,1.0676,68286.0,19355.336
002498.SZ,20191122,2.84,2.87,2.81,2.85,2.84,0.01,0.3521,86580.3,24586.916
002498.SZ,20191125,2.84,2.88,2.82,2.87,2.85,0.02,0.7018,99898.68,28498.36
002498.SZ,20191126,2.86,2.91,2.85,2.89,2.87,0.02,0.6969,108167.07,31186.893
002498.SZ,20191127,2.89,2.9,2.85,2.85,2.89,-0.04,-1.3841,69817.5,20020.64
002498.SZ,20191128,2.86,2.87,2.82,2.83,2.85,-0.02,-0.7018,58706.4,16668.701
002498.SZ,20191129,2.81,2.86,2.8,2.84,2.83,0.01,0.3534,45605.0,12932.384
002498.SZ,20191202,2.85,2.87,2.83,2.84,2.84,0.0,0.0,61639.81,17556.159
002498.SZ,20191203,2.83,2.85,2.81,2.85,2.84,0.01,0.3521,61370.46,17376.804
002498.SZ,20191204,2.85,2.87,2.83,2.86,2.85,0.01,0.3509,56222.76,16037.68
002498.SZ,20191205,2.86,2.88,2.85,2.88,2.86,0.02,0.6993,77572.96,22260.065
002498.SZ,20191206,2.88,2.88,2.86,2.88,2.88,0.0,0.0,57434.82,16487.92
002498.SZ,20191209,2.88,2.89,2.86,2.88,2.88,0.0,0.0,72581.3,20870.282
002498.SZ,20191210,2.88,2.88,2.85,2.87,2.88,-0.01,-0.3472,66646.34,19065.314
002498.SZ,20191211,2.87,2.9,2.85,2.89,2.87,0.02,0.6969,92631.03,26655.77
002498.SZ,20191212,2.89,2.89,2.84,2.85,2.89,-0.04,-1.3841,95626.92,27358.212
002498.SZ,20191213,2.85,2.89,2.85,2.89,2.85,0.04,1.4035,104070.61,29902.647
002498.SZ,20191216,2.91,2.97,2.9,2.95,2.89,0.06,2.0761,232135.97,68324.726
002498.SZ,20191217,2.95,3.0,2.95,2.98,2.95,0.03,1.0169,238425.94,71067.89
002498.SZ,20191218,2.98,3.03,2.95,2.97,2.98,-0.01,-0.3356,201585.05,60349.702
002498.SZ,20191219,3.0,3.04,2.99,3.02,2.97,0.05,1.6835,228994.87,69137.364
002498.SZ,20191220,3.07,3.08,2.96,2.96,3.02,-0.06,-1.9868,236051.06,70864.688
002498.SZ,20191223,2.95,2.97,2.91,2.91,2.96,-0.05,-1.6892,148173.45,43432.242
002498.SZ,20191224,2.91,2.95,2.91,2.94,2.91,0.03,1.0309,107001.31,31324.271
002498.SZ,20191225,2.94,2.95,2.91,2.94,2.94,0.0,0.0,107747.13,31602.681
002498.SZ,20191226,2.93,2.96,2.92,2.95,2.94,0.01,0.3401,110505.53,32498.375
002498.SZ,20191227,2.95,3.03,2.94,2.96,2.95,0.01,0.339,227679.09,67901.763
002498.SZ,20191230,2.96,3.04,2.96,3.01,2.96,0.05,1.6892,286254.39,86093.237
002498.SZ,20191231,3.01,3.02,2.97,3.01,3.01,0.0,0.0,151726.0,45412.29
002498.SZ,20200102,3.01,3.05,3.01,3.03,3.01,0.02,0.6645,224182.13,67861.207
002498.SZ,20200103,3.07,3.11,3.03,3.04,3.03,0.01,0.33,273139.22,83717.542
002498.SZ,20200106,3.01,3.08,2.99,3.04,3.04,0.0,0.0,242719.12,73815.879
002498.SZ,20200107,3.04,3.09,3.04,3.08,3.04,0.04,1.3158,218700.42,67164.866
002498.SZ,20200108,3.06,3.13,3.05,3.07,3.08,-0.01,-0.3247,310956.17,95844.216
002498.SZ,20200109,3.08,3.18,3.06,3.16,3.07,0.09,2.9316,510335.55,159367.014
002498.SZ,20200110,3.15,3.17,3.11,3.14,3.16,-0.02,-0.6329,271576.84,85241.494
002498.SZ,20200113,3.2,3.2,3.08,3.12,3.14,-0.02,-0.6369,290864.6,90633.558
002498.SZ,20200114,3.13,3.16,3.1,3.1,3.12,-0.02,-0.641,194470.9,60681.1
002498.SZ,20200115,3.08,3.1,3.04,3.05,3.1,-0.05,-1.6129,182800.01,55923.577
002498.SZ,20200116,3.05,3.07,3.03,3.05,3.05,0.0,0.0,123795.3,37731.599
002498.SZ,20200117,3.04,3.06,3.0,3.03,3.05,-0.02,-0.6557,143271.14,43447.64
002498.SZ,20200120,3.03,3.05,3.0,3.05,3.03,0.02,0.6601,145414.11,44013.702
002498.SZ,20200121,3.05,3.05,3.0,3.01,3.05,-0.04,-1.3115,118333.26,35710.156
002498.SZ,20200122,3.0,3.02,2.94,3.0,3.01,-0.01,-0.3322,159946.18,47541.632
002498.SZ,20200123,2.99,3.0,2.9,2.93,3.0,-0.07,-2.3333,191141.0,56343.956
002498.SZ,20200203,2.64,2.64,2.64,2.64,2.93,-0.29,-9.8976,55761.0,14720.904
002498.SZ,20200204,2.38,2.61,2.38,2.55,2.64,-0.09,-3.4091,321357.81,80761.347
002498.SZ,20200205,2.57,2.65,2.55,2.59,2.55,0.04,1.5686,219940.18,57336.869
002498.SZ,20200206,2.6,2.63,2.56,2.62,2.59,0.03,1.1583,218391.78,56891.921
002498.SZ,20200207,2.63,2.64,2.59,2.63,2.62,0.01,0.3817,179299.13,46841.195
002498.SZ,20200210,2.61,2.75,2.6,2.74,2.63,0.11,4.1825,264751.29,71523.531
002498.SZ,20200211,3.01,3.01,3.01,3.01,2.74,0.27,9.854,175627.57,52863.898
002498.SZ,20200212,3.25,3.3,2.98,3.0,3.01,-0.01,-0.3322,1137162.99,353847.452
002498.SZ,20200213,2.84,2.96,2.84,2.87,3.0,-0.13,-4.3333,596491.93,171988.674
002498.SZ,20200214,2.84,2.84,2.77,2.78,2.87,-0.09,-3.1359,362836.68,101674.501
002498.SZ,20200217,2.76,2.87,2.76,2.87,2.78,0.09,3.2374,233820.4,66320.125
002498.SZ,20200218,2.88,2.95,2.86,2.91,2.87,0.04,1.3937,280017.78,81282.415
002498.SZ,20200219,2.92,2.93,2.87,2.88,2.91,-0.03,-1.0309,200733.8,58292.7
002498.SZ,20200220,2.9,3.04,2.87,3.01,2.88,0.13,4.5139,470329.76,139975.537
002498.SZ,20200221,3.01,3.08,2.97,3.0,3.01,-0.01,-0.3322,402989.0,121929.955
002498.SZ,20200224,2.96,3.05,2.95,3.03,3.0,0.03,1.0,327048.26,98617.478
002498.SZ,20200225,2.96,3.01,2.86,3.0,3.03,-0.03,-0.9901,418706.35,123723.876
002498.SZ,20200226,2.96,3.08,2.94,3.04,3.0,0.04,1.3333,607364.02,184786.72
002498.SZ,20200227,3.09,3.16,3.04,3.12,3.04,0.08,2.6316,657505.21,204209.11
002498.SZ,20200228,3.0,3.08,2.93,2.94,3.12,-0.18,-5.7692,516755.09,154636.732
002498.SZ,20200302,2.96,3.14,2.96,3.12,2.94,0.18,6.1224,565511.35,173856.29
002498.SZ,20200303,3.21,3.25,3.05,3.08,3.12,-0.04,-1.2821,646385.79,202406.665
002498.SZ,20200304,3.04,3.15,3.03,3.11,3.08,0.03,0.974,379513.6,117520.806
002498.SZ,20200305,3.17,3.42,3.13,3.42,3.11,0.31,9.9678,549809.42,183849.768
002498.SZ,20200306,3.5,3.73,3.46,3.51,3.42,0.09,2.6316,2206203.51,790241.107
002498.SZ,20200309,3.36,3.86,3.35,3.86,3.51,0.35,9.9715,2265612.68,843695.037
002498.SZ,20200310,3.9,4.16,3.55,3.98,3.86,0.12,3.1088,2862037.11,1115809.964
002498.SZ,20200311,3.82,4.13,3.75,3.76,3.98,-0.22,-5.5276,2062154.63,804593.772
002498.SZ,20200312,3.61,3.69,3.45,3.52,3.76,-0.24,-6.383,1270492.13,452494.528
002498.SZ,20200313,3.34,3.87,3.33,3.87,3.52,0.35,9.9432,1552876.12,575355.742
002498.SZ,20200316,4.09,4.21,3.81,3.87,3.87,0.0,0.0,2627134.67,1057143.015
002498.SZ,20200317,3.85,4.26,3.7,4.26,3.87,0.39,10.0775,3115762.96,1283366.762
002498.SZ,20200318,4.26,4.68,4.08,4.36,4.26,0.1,2.3474,3548428.99,1536599.307
002498.SZ,20200319,4.24,4.55,4.12,4.45,4.36,0.09,2.0642,2310151.36,994471.641
002498.SZ,20200320,4.47,4.49,4.01,4.09,4.45,-0.36,-8.0899,2124687.37,907272.749
002498.SZ,20200323,3.9,4.22,3.78,3.9,4.09,-0.19,-4.6455,1575151.95,626936.09
002498.SZ,20200324,4.0,4.05,3.6,3.8,3.9,-0.1,-2.5641,1482932.06,564474.611
002498.SZ,20200325,3.88,3.94,3.77,3.85,3.8,0.05,1.3158,1060138.34,407346.556
002498.SZ,20200326,3.78,3.87,3.7,3.72,3.85,-0.13,-3.3766,875401.9,329728.982
002498.SZ,20200327,3.78,3.9,3.63,3.74,3.72,0.02,0.5376,1144135.22,432887.121
002498.SZ,20200330,3.6,3.99,3.56,3.94,3.74,0.2,5.3476,1456287.04,556377.411
002498.SZ,20200331,3.89,3.98,3.81,3.81,3.94,-0.13,-3.2995,1016906.63,394899.106
002498.SZ,20200401,3.81,3.9,3.63,3.65,3.81,-0.16,-4.1995,898170.73,337751.947
002498.SZ,20200402,3.61,3.84,3.61,3.8,3.65,0.15,4.1096,925486.71,345637.671
002498.SZ,20200403,3.76,3.79,3.66,3.67,3.8,-0.13,-3.4211,700545.08,259382.039
002498.SZ,20200407,3.76,3.85,3.7,3.79,3.67,0.12,3.2698,889367.98,335747.597
002498.SZ,20200408,3.75,3.84,3.7,3.75,3.79,-0.04,-1.0554,787248.45,296747.084
002498.SZ,20200409,3.78,3.94,3.71,3.84,3.75,0.09,2.4,1123349.26,432486.818
002498.SZ,20200410,3.8,3.83,3.66,3.68,3.84,-0.16,-4.1667,841996.57,313820.089
002498.SZ,20200413,3.61,3.64,3.46,3.48,3.68,-0.2,-5.4348,663249.23,235224.416
002498.SZ,20200414,3.52,3.66,3.49,3.58,3.48,0.1,2.8736,554772.71,198216.02
002498.SZ,20200415,3.59,3.67,3.52,3.57,3.58,-0.01,-0.2793,638249.68,229018.284
002498.SZ,20200416,3.54,3.93,3.53,3.93,3.57,0.36,10.084,748022.45,285768.51
002498.SZ,20200417,4.1,4.21,3.9,4.0,3.93,0.07,1.7812,2393656.87,973759.889
002498.SZ,20200420,4.01,4.34,3.92,4.27,4.0,0.27,6.75,1866705.85,782727.764
002498.SZ,20200421,4.16,4.43,4.02,4.26,4.27,-0.01,-0.2342,1661542.84,690184.26
002498.SZ,20200422,4.15,4.39,4.09,4.17,4.26,-0.09,-2.1127,1340521.34,564491.739
002498.SZ,20200423,4.12,4.16,3.98,4.0,4.17,-0.17,-4.0767,1140151.11,461946.021
002498.SZ,20200424,4.02,4.4,4.0,4.4,4.0,0.4,10.0,2357540.36,1019212.391
002498.SZ,20200427,4.6,4.84,4.49,4.84,4.4,0.44,10.0,993411.91,468890.921
002498.SZ,20200428,5.1,5.2,4.36,4.54,4.84,-0.3,-6.1983,3774407.59,1794120.681
002498.SZ,20200429,4.42,4.99,4.42,4.99,4.54,0.45,9.9119,3495991.52,1707129.467
002498.SZ,20200430,5.01,5.49,4.72,5.49,4.99,0.5,10.02,4289004.87,2211257.095
002498.SZ,20200506,5.51,6.04,5.51,6.04,5.49,0.55,10.0182,1512582.77,890260.012
002498.SZ,20200507,6.35,6.49,5.68,5.72,6.04,-0.32,-5.298,4915131.96,2969086.336
002498.SZ,20200508,5.73,5.87,5.26,5.37,5.72,-0.35,-6.1189,3972773.6,2177145.549
002498.SZ,20200511,5.25,5.59,5.13,5.53,5.37,0.16,2.9795,3396731.42,1804886.392
002498.SZ,20200512,5.4,5.48,5.25,5.41,5.53,-0.12,-2.17,2088849.89,1123520.322
002498.SZ,20200513,5.3,5.94,5.26,5.64,5.41,0.23,4.2514,3052687.31,1727503.178
002498.SZ,20200514,5.57,5.9,5.46,5.71,5.64,0.07,1.2411,2747777.51,1559310.11
002498.SZ,20200515,5.63,5.75,5.55,5.61,5.71,-0.1,-1.7513,2002624.12,1130058.953
002498.SZ,20200518,5.65,5.95,5.41,5.77,5.61,0.16,2.852,2886813.67,1649254.348
002498.SZ,20200519,5.82,6.35,5.7,6.35,5.77,0.58,10.052,2775260.44,1682877.399
002498.SZ,20200520,6.6,6.96,6.04,6.33,6.35,-0.02,-0.315,4454080.64,2953713.696
002498.SZ,20200521,6.34,6.58,5.97,6.24,6.33,-0.09,-1.4218,3169512.68,1982710.385
002498.SZ,20200522,6.07,6.34,5.91,5.92,6.24,-0.32,-5.1282,1981099.24,1203803.267
002498.SZ,20200525,5.75,5.78,5.5,5.52,5.92,-0.4,-6.7568,1789164.74,1002510.462
002498.SZ,20200526,5.59,5.75,5.5,5.72,5.52,0.2,3.6232,1694858.16,957890.78
002498.SZ,20200527,5.68,6.07,5.61,5.72,5.72,0.0,0.0,2121983.27,1236002.681
002498.SZ,20200528,5.54,5.63,5.2,5.26,5.72,-0.46,-8.042,2213146.13,1191261.322
002498.SZ,20200529,5.27,5.31,5.07,5.09,5.26,-0.17,-3.2319,1591561.45,817933.582
002498.SZ,20200601,5.14,5.45,5.02,5.37,5.09,0.28,5.501,1828476.23,965523.879
002498.SZ,20200602,5.42,5.52,5.23,5.25,5.37,-0.12,-2.2346,1628077.88,868338.335
002498.SZ,20200603,5.23,5.39,5.16,5.28,5.25,0.03,0.5714,1441077.54,761109.843
002498.SZ,20200604,5.24,5.28,5.08,5.1,5.28,-0.18,-3.4091,1239408.35,637116.523
002498.SZ,20200605,5.05,5.15,5.01,5.07,5.1,-0.03,-0.5882,809499.89,410236.87
002498.SZ,20200608,5.11,5.15,5.03,5.04,5.07,-0.03,-0.5917,651361.96,330140.9
002498.SZ,20200609,5.06,5.25,4.92,5.22,5.04,0.18,3.5714,1529683.24,778867.625
002498.SZ,20200610,5.17,5.21,5.06,5.07,5.22,-0.15,-2.8736,808345.95,413097.217
002498.SZ,20200611,5.06,5.12,5.0,5.02,5.07,-0.05,-0.9862,639447.08,323167.919
002498.SZ,20200612,4.87,5.0,4.87,4.94,5.02,-0.08,-1.5936,637870.59,314717.939
002498.SZ,20200615,4.9,5.09,4.82,4.96,4.94,0.02,0.4049,832769.48,412228.508
002498.SZ,20200616,4.96,5.2,4.95,5.11,4.96,0.15,3.0242,1027745.98,524782.034
002498.SZ,20200617,5.07,5.09,4.98,5.04,5.11,-0.07,-1.3699,746818.77,375100.521
002498.SZ,20200618,5.0,5.18,4.96,5.12,5.0,0.12,2.4,968400.2,492452.289
002498.SZ,20200619,5.12,5.16,5.05,5.07,5.12,-0.05,-0.9766,712828.99,362507.568
002498.SZ,20200622,5.07,5.1,5.01,5.02,5.07,-0.05,-0.9862,599216.05,301843.069
002498.SZ,20200623,5.03,5.07,4.96,4.96,5.02,-0.06,-1.1952,560543.83,279838.409
002498.SZ,20200624,4.97,4.98,4.87,4.87,4.96,-0.09,-1.8145,577837.85,283143.829
002498.SZ,20200629,4.85,4.85,4.61,4.64,4.87,-0.23,-4.7228,888061.39,416870.658
002498.SZ,20200630,4.68,4.72,4.64,4.66,4.64,0.02,0.431,453879.74,211628.576
002498.SZ,20200701,4.69,4.77,4.64,4.7,4.66,0.04,0.8584,633422.97,297791.689
002498.SZ,20200702,4.7,4.95,4.67,4.9,4.7,0.2,4.2553,1008125.64,488117.223
002498.SZ,20200703,4.9,4.95,4.83,4.92,4.9,0.02,0.4082,744989.91,365004.771
002498.SZ,20200706,5.07,5.22,5.01,5.2,4.92,0.28,5.6911,1407829.28,720294.491
002498.SZ,20200707,5.22,5.38,5.1,5.22,5.2,0.02,0.3846,1534225.59,807399.547
002498.SZ,20200708,5.24,5.48,5.2,5.45,5.22,0.23,4.4061,1539124.61,825647.567
002498.SZ,20200709,5.43,5.6,5.33,5.49,5.45,0.04,0.7339,1620360.52,881586.729
002498.SZ,20200710,5.49,5.59,5.24,5.25,5.49,-0.24,-4.3716,1446442.97,777526.481
002498.SZ,20200713,5.38,5.78,5.38,5.78,5.25,0.53,10.0952,1670466.41,940977.758
002498.SZ,20200714,5.9,6.15,5.78,6.09,5.78,0.31,5.3633,2706259.49,1622336.992
002498.SZ,20200715,6.0,6.05,5.71,5.72,6.09,-0.37,-6.0755,1570076.11,915227.27
002498.SZ,20200716,5.71,5.83,5.2,5.3,5.72,-0.42,-7.3427,1431721.26,792083.254
002498.SZ,20200717,5.25,5.4,5.19,5.3,5.3,0.0,0.0,896887.55,474192.397
002498.SZ,20200720,5.39,5.61,5.31,5.54,5.3,0.24,4.5283,974450.02,532897.655
002498.SZ,20200721,5.54,5.8,5.46,5.6,5.54,0.06,1.083,1243869.85,703251.79
002498.SZ,20200722,5.76,5.8,5.58,5.62,5.6,0.02,0.3571,1076400.9,609508.852
002498.SZ,20200723,5.53,5.65,5.36,5.55,5.62,-0.07,-1.2456,928703.91,511465.309
002498.SZ,20200724,5.5,5.56,5.1,5.14,5.55,-0.41,-7.3874,1039703.38,551385.031
002498.SZ,20200727,5.13,5.2,5.01,5.06,5.14,-0.08,-1.5564,556579.71,282350.454
002498.SZ,20200728,5.1,5.13,4.97,5.03,5.06,-0.03,-0.5929,523985.06,264127.779
002498.SZ,20200729,5.0,5.26,4.96,5.21,5.03,0.18,3.5785,666146.78,341258.513
002498.SZ,20200730,5.2,5.24,5.09,5.11,5.21,-0.1,-1.9194,591888.39,305134.574
002498.SZ,20200731,5.07,5.19,5.04,5.14,5.11,0.03,0.5871,533250.94,272756.026
002498.SZ,20200803,5.18,5.3,5.12,5.27,5.14,0.13,2.5292,678199.1,355215.775
002498.SZ,20200804,5.31,5.32,5.13,5.16,5.27,-0.11,-2.0873,616707.28,320289.975
002498.SZ,20200805,5.16,5.28,5.08,5.18,5.16,0.02,0.3876,532474.47,274704.794
002498.SZ,20200806,5.17,5.2,5.04,5.11,5.18,-0.07,-1.3514,575640.36,293063.068
002498.SZ,20200807,5.06,5.1,4.98,5.04,5.11,-0.07,-1.3699,458286.05,230348.976
002498.SZ,20200810,5.02,5.17,4.99,5.12,5.04,0.08,1.5873,466499.78,237775.797
002498.SZ,20200811,5.16,5.16,4.99,5.0,5.12,-0.12,-2.3438,448111.93,226338.361
002498.SZ,20200812,4.96,5.0,4.81,4.92,5.0,-0.08,-1.6,459729.45,225221.827
002498.SZ,20200813,4.92,4.98,4.9,4.91,4.92,-0.01,-0.2033,268059.27,132335.014
002498.SZ,20200814,4.89,4.94,4.84,4.93,4.91,0.02,0.4073,273556.23,133785.756
002498.SZ,20200817,4.9,5.02,4.88,5.0,4.93,0.07,1.4199,406832.17,202068.53
002498.SZ,20200818,5.0,5.08,4.97,5.04,5.0,0.04,0.8,359837.51,181212.279
002498.SZ,20200819,5.04,5.04,4.92,4.94,5.04,-0.1,-1.9841,404723.77,201172.221
002498.SZ,20200820,4.85,4.96,4.85,4.88,4.94,-0.06,-1.2146,249464.83,122119.863
002498.SZ,20200821,4.9,4.94,4.86,4.9,4.88,0.02,0.4098,213393.34,104423.267
002498.SZ,20200824,4.89,4.92,4.84,4.87,4.9,-0.03,-0.6122,188300.37,91717.794
002498.SZ,20200825,4.86,4.89,4.8,4.81,4.87,-0.06,-1.232,268480.67,129935.142
002498.SZ,20200826,4.82,4.82,4.68,4.7,4.81,-0.11,-2.2869,327336.44,154847.892
002498.SZ,20200827,4.71,4.93,4.66,4.93,4.7,0.23,4.8936,446808.54,216015.433
002498.SZ,20200828,4.97,5.07,4.93,4.95,4.93,0.02,0.4057,501037.87,250019.543
002498.SZ,20200831,4.96,4.98,4.87,4.87,4.95,-0.08,-1.6162,351935.67,172997.416
002498.SZ,20200901,4.86,4.87,4.8,4.84,4.87,-0.03,-0.616,231513.48,111842.552
002498.SZ,20200902,4.86,4.86,4.77,4.79,4.84,-0.05,-1.0331,264385.51,127082.977
002498.SZ,20200903,4.79,4.84,4.72,4.73,4.79,-0.06,-1.2526,241978.59,115270.864
002498.SZ,20200904,4.67,4.76,4.63,4.74,4.73,0.01,0.2114,206236.5,97090.701
002498.SZ,20200907,4.74,4.82,4.67,4.7,4.74,-0.04,-0.8439,229991.78,108971.967
002498.SZ,20200908,4.71,4.73,4.65,4.71,4.7,0.01,0.2128,225056.32,105450.56
002498.SZ,20200909,4.68,4.97,4.65,4.88,4.71,0.17,3.6093,597825.04,289200.227
002498.SZ,20200910,4.92,4.94,4.67,4.7,4.88,-0.18,-3.6885,385458.88,184565.995
002498.SZ,20200911,4.7,4.75,4.65,4.73,4.7,0.03,0.6383,215381.91,100968.966
002498.SZ,20200914,4.73,4.8,4.66,4.69,4.73,-0.04,-0.8457,235986.58,111081.885
002498.SZ,20200915,4.76,4.79,4.71,4.73,4.69,0.04,0.8529,203041.01,96140.438
002498.SZ,20200916,4.7,4.73,4.65,4.67,4.73,-0.06,-1.2685,206840.8,96655.127
002498.SZ,20200917,4.66,4.69,4.63,4.65,4.67,-0.02,-0.4283,164270.76,76513.833
002498.SZ,20200918,4.66,4.75,4.61,4.72,4.65,0.07,1.5054,280515.68,131460.415
002498.SZ,20200921,4.72,4.78,4.7,4.73,4.72,0.01,0.2119,265959.97,125938.811
002498.SZ,20200922,4.68,4.7,4.61,4.63,4.73,-0.1,-2.1142,217245.83,101145.971
002498.SZ,20200923,4.64,4.66,4.61,4.62,4.63,-0.01,-0.216,122611.52,56736.281
002498.SZ,20200924,4.61,4.61,4.42,4.43,4.62,-0.19,-4.1126,289956.3,130238.589
002498.SZ,20200925,4.43,4.46,4.29,4.29,4.43,-0.14,-3.1603,248311.74,107798.997
002498.SZ,20200928,4.29,4.32,4.09,4.1,4.29,-0.19,-4.4289,281104.57,117431.669
002498.SZ,20200929,4.14,4.16,4.1,4.13,4.1,0.03,0.7317,163239.31,67394.478
002498.SZ,20200930,4.14,4.17,4.12,4.14,4.13,0.01,0.2421,142626.8,59089.436
002498.SZ,20201009,4.2,4.32,4.2,4.27,4.14,0.13,3.1401,206866.2,88346.93
002498.SZ,20201012,4.31,4.7,4.3,4.66,4.27,0.39,9.1335,634773.8,290338.955
002498.SZ,20201013,4.6,4.62,4.54,4.56,4.66,-0.1,-2.1459,366661.35,167485.922
002498.SZ,20201014,4.56,4.64,4.52,4.56,4.56,0.0,0.0,275097.41,126090.209
002498.SZ,20201015,4.56,4.62,4.5,4.52,4.56,-0.04,-0.8772,246233.37,112273.427
002498.SZ,20201016,4.48,4.51,4.4,4.42,4.52,-0.1,-2.2124,214023.46,95030.759
002498.SZ,20201019,4.53,4.62,4.4,4.4,4.42,-0.02,-0.4525,242234.03,109003.794
002498.SZ,20201020,4.36,4.46,4.33,4.44,4.4,0.04,0.9091,175583.07,77013.679
002498.SZ,20201021,4.44,4.45,4.32,4.34,4.44,-0.1,-2.2523,173293.59,75599.086
002498.SZ,20201022,4.34,4.35,4.26,4.29,4.34,-0.05,-1.1521,143582.31,61575.286
002498.SZ,20201023,4.29,4.33,4.22,4.25,4.29,-0.04,-0.9324,138144.82,58976.349
002498.SZ,20201026,4.21,4.28,4.17,4.23,4.25,-0.02,-0.4706,133027.45,56150.86
002498.SZ,20201027,4.19,4.25,4.16,4.21,4.23,-0.02,-0.4728,134744.78,56548.757
002498.SZ,20201028,4.21,4.24,4.14,4.24,4.21,0.03,0.7126,144770.25,60612.852
002498.SZ,20201029,4.17,4.22,4.12,4.19,4.24,-0.05,-1.1792,142304.27,59596.147
002498.SZ,20201030,4.19,4.29,4.1,4.12,4.19,-0.07,-1.6706,262504.38,109946.516
002498.SZ,20201102,4.12,4.13,4.03,4.04,4.12,-0.08,-1.9417,216485.37,87805.786
002498.SZ,20201103,4.07,4.13,4.04,4.12,4.04,0.08,1.9802,183325.25,75101.242
002498.SZ,20201104,4.12,4.14,4.05,4.11,4.12,-0.01,-0.2427,124739.16,51076.299
002498.SZ,20201105,4.14,4.28,4.11,4.24,4.11,0.13,3.163,271732.55,113719.035
002498.SZ,20201106,4.24,4.28,4.17,4.19,4.24,-0.05,-1.1792,210220.59,88561.305
002498.SZ,20201109,4.19,4.27,4.19,4.25,4.19,0.06,1.432,220977.92,93639.546
002498.SZ,20201110,4.27,4.27,4.15,4.17,4.25,-0.08,-1.8824,202503.73,84947.561
002498.SZ,20201111,4.16,4.16,4.1,4.1,4.17,-0.07,-1.6787,138098.2,56859.542
002498.SZ,20201112,4.11,4.14,4.09,4.1,4.1,0.0,0.0,97042.35,39855.421
002498.SZ,20201113,4.09,4.12,4.05,4.11,4.1,0.01,0.2439,112246.99,45881.177
002498.SZ,20201116,4.13,4.18,4.11,4.17,4.11,0.06,1.4599,158280.28,65593.785
002498.SZ,20201117,4.15,4.16,4.1,4.12,4.17,-0.05,-1.199,131875.47,54318.672
002498.SZ,20201118,4.13,4.14,4.1,4.12,4.12,0.0,0.0,118772.68,48893.785
002498.SZ,20201119,4.1,4.12,4.07,4.11,4.12,-0.01,-0.2427,131786.24,53971.414
002498.SZ,20201120,4.11,4.14,4.09,4.13,4.11,0.02,0.4866,126808.94,52264.75
002498.SZ,20201123,4.15,4.21,4.13,4.18,4.13,0.05,1.2107,250327.78,104773.706
002498.SZ,20201124,4.19,4.26,4.17,4.25,4.18,0.07,1.6746,280053.83,118395.231
002498.SZ,20201125,4.25,4.28,4.15,4.15,4.25,-0.1,-2.3529,265277.38,111822.811
002498.SZ,20201126,4.14,4.19,4.13,4.16,4.15,0.01,0.241,156690.4,65152.699
002498.SZ,20201127,4.15,4.15,4.09,4.13,4.16,-0.03,-0.7212,163860.28,67460.002
002498.SZ,20201130,4.13,4.16,4.11,4.11,4.13,-0.02,-0.4843,136823.96,56562.13
002498.SZ,20201201,4.1,4.13,4.09,4.13,4.11,0.02,0.4866,139956.04,57563.062
002498.SZ,20201202,4.14,4.15,4.11,4.14,4.13,0.01,0.2421,115655.47,47766.809
002498.SZ,20201203,4.14,4.19,4.1,4.16,4.14,0.02,0.4831,211242.68,87544.344
002498.SZ,20201204,4.15,4.15,4.11,4.13,4.16,-0.03,-0.7212,112440.13,46404.931
002498.SZ,20201207,4.13,4.17,4.11,4.13,4.13,0.0,0.0,115782.98,47894.933
002498.SZ,20201208,4.14,4.15,4.11,4.11,4.13,-0.02,-0.4843,104886.01,43239.115
002498.SZ,20201209,4.12,4.13,4.05,4.06,4.11,-0.05,-1.2165,157694.91,64484.506
002498.SZ,20201210,4.05,4.16,4.04,4.07,4.06,0.01,0.2463,156349.69,64092.959
002498.SZ,20201211,4.08,4.08,4.0,4.03,4.07,-0.04,-0.9828,183440.14,73839.961
002498.SZ,20201214,4.03,4.04,3.99,4.01,4.03,-0.02,-0.4963,116187.02,46555.854
002498.SZ,20201215,4.02,4.05,3.99,4.0,4.01,-0.01,-0.2494,106759.07,42880.839
002498.SZ,20201216,4.01,4.02,3.91,3.92,4.0,-0.08,-2.0,167682.24,66262.032
002498.SZ,20201217,3.88,3.9,3.7,3.9,3.92,-0.02,-0.5102,253342.3,96510.454
002498.SZ,20201218,3.9,3.93,3.87,3.88,3.9,-0.02,-0.5128,122414.24,47733.274
002498.SZ,20201221,3.88,3.96,3.87,3.96,3.88,0.08,2.0619,152165.4,59941.273
002498.SZ,20201222,4.35,4.36,4.23,4.23,3.96,0.27,6.8182,1217828.49,526081.966
002498.SZ,20201223,4.04,4.21,3.99,4.11,4.23,-0.12,-2.8369,768292.92,316315.554
002498.SZ,20201224,4.09,4.5,4.08,4.34,4.11,0.23,5.5961,1096657.49,476756.824
002498.SZ,20201225,4.26,4.44,4.23,4.32,4.34,-0.02,-0.4608,715042.59,309718.36
002498.SZ,20201228,4.32,4.36,4.16,4.26,4.32,-0.06,-1.3889,556770.63,235726.592
002498.SZ,20201229,4.29,4.38,4.19,4.22,4.26,-0.04,-0.939,383769.77,163345.743
002498.SZ,20201230,4.23,4.26,4.14,4.15,4.22,-0.07,-1.6588,375943.34,157450.798
002498.SZ,20201231,4.15,4.19,4.1,4.15,4.15,0.0,0.0,303185.28,125622.587
002498.SZ,20210104,4.14,4.25,4.13,4.22,4.15,0.07,1.6867,363764.32,152932.025
002498.SZ,20210105,4.2,4.21,4.12,4.15,4.22,-0.07,-1.6588,292290.43,121586.276
002498.SZ,20210106,4.15,4.17,4.01,4.02,4.15,-0.13,-3.1325,361316.96,146637.327
002498.SZ,20210107,4.03,4.07,3.9,3.92,4.02,-0.1,-2.4876,329505.24,130613.635
002498.SZ,20210108,3.91,4.01,3.8,4.0,3.92,0.08,2.0408,268621.6,105991.6
002498.SZ,20210111,4.0,4.01,3.86,3.88,4.0,-0.12,-3.0,233174.95,91220.423
002498.SZ,20210112,3.85,3.92,3.85,3.89,3.88,0.01,0.2577,135584.02,52604.97
002498.SZ,20210113,3.87,4.01,3.83,3.96,3.89,0.07,1.7995,279444.49,109418.796
002498.SZ,20210114,3.96,3.97,3.91,3.91,3.96,-0.05,-1.2626,165368.66,64969.962
002498.SZ,20210115,3.89,3.94,3.88,3.89,3.91,-0.02,-0.5115,131285.22,51280.483
002498.SZ,20210118,3.88,3.92,3.87,3.9,3.89,0.01,0.2571,118522.91,46223.23
002498.SZ,20210119,3.9,3.95,3.87,3.93,3.9,0.03,0.7692,149657.66,58432.19
002498.SZ,20210120,3.94,3.96,3.91,3.93,3.93,0.0,0.0,137265.99,53911.787
002498.SZ,20210121,3.93,3.93,3.89,3.91,3.93,-0.02,-0.5089,154058.61,60196.142
002498.SZ,20210122,3.9,3.98,3.89,3.94,3.91,0.03,0.7673,241637.62,95395.776
002498.SZ,20210125,3.92,3.94,3.8,3.8,3.94,-0.14,-3.5533,267771.67,102921.035
002498.SZ,20210126,3.8,3.83,3.73,3.74,3.8,-0.06,-1.5789,144665.71,54455.314
002498.SZ,20210127,3.74,3.79,3.7,3.78,3.74,0.04,1.0695,109111.21,40844.858
002498.SZ,20210128,3.75,3.76,3.71,3.72,3.78,-0.06,-1.5873,111018.47,41374.195
002498.SZ,20210129,3.72,3.74,3.58,3.62,3.72,-0.1,-2.6882,194030.47,70477.016
002498.SZ,20210201,3.62,3.64,3.53,3.56,3.62,-0.06,-1.6575,107425.5,38340.803
002498.SZ,20210202,3.56,3.59,3.51,3.56,3.56,0.0,0.0,98259.91,34991.702
002498.SZ,20210203,3.55,3.57,3.4,3.41,3.56,-0.15,-4.2135,182996.47,63443.455
002498.SZ,20210204,3.38,3.43,3.26,3.33,3.41,-0.08,-2.346,160589.46,53496.358
002498.SZ,20210205,3.33,3.41,3.33,3.37,3.33,0.04,1.2012,116561.24,39210.838
002498.SZ,20210208,3.36,3.49,3.35,3.45,3.37,0.08,2.3739,140397.74,48212.25
002498.SZ,20210209,3.45,3.51,3.45,3.49,3.45,0.04,1.1594,86715.07,30246.105
002498.SZ,20210210,3.48,3.51,3.45,3.5,3.49,0.01,0.2865,88329.42,30756.897
002498.SZ,20210218,3.54,3.59,3.51,3.52,3.5,0.02,0.5714,165080.56,58540.291
002498.SZ,20210219,3.53,3.62,3.51,3.62,3.52,0.1,2.8409,220482.59,78669.18
002498.SZ,20210222,3.61,3.86,3.6,3.75,3.62,0.13,3.5912,354048.24,132774.709
002498.SZ,20210223,3.76,3.8,3.67,3.69,3.75,-0.06,-1.6,223638.76,83035.728
002498.SZ,20210224,3.72,3.73,3.63,3.65,3.69,-0.04,-1.084,171615.4,63116.73
002498.SZ,20210225,3.66,3.69,3.58,3.6,3.65,-0.05,-1.3699,163651.4,59190.644
002498.SZ,20210226,3.66,3.75,3.63,3.66,3.6,0.06,1.6667,210236.5,77592.687
002498.SZ,20210301,3.63,3.7,3.62,3.69,3.66,0.03,0.8197,152154.48,55875.442
002498.SZ,20210302,3.71,3.87,3.69,3.78,3.69,0.09,2.439,388173.06,147205.02
002498.SZ,20210303,3.75,3.8,3.69,3.78,3.78,0.0,0.0,238250.87,89118.764
002498.SZ,20210304,3.77,3.77,3.72,3.74,3.78,-0.04,-1.0582,168411.42,62899.031
002498.SZ,20210305,3.7,3.76,3.7,3.75,3.74,0.01,0.2674,131200.73,49033.05
002498.SZ,20210308,3.75,3.78,3.69,3.69,3.75,-0.06,-1.6,147424.04,55054.88
002498.SZ,20210309,3.69,3.71,3.51,3.62,3.69,-0.07,-1.897,163706.44,59264.382
002498.SZ,20210310,3.64,3.65,3.53,3.53,3.62,-0.09,-2.4862,119218.49,42635.089
002498.SZ,20210311,3.53,3.59,3.51,3.58,3.53,0.05,1.4164,114209.16,40630.095
002498.SZ,20210312,3.57,3.7,3.55,3.67,3.58,0.09,2.514,191894.14,69682.128
002498.SZ,20210315,3.64,3.77,3.64,3.76,3.67,0.09,2.4523,264254.65,98612.429
002498.SZ,20210316,3.86,4.14,3.8,4.14,3.76,0.38,10.1064,1380860.18,564392.585
002498.SZ,20210317,4.14,4.36,4.07,4.09,4.14,-0.05,-1.2077,1762677.07,741749.644
002498.SZ,20210318,4.01,4.26,4.0,4.1,4.09,0.01,0.2445,1073296.48,441846.776
002498.SZ,20210319,4.04,4.15,4.02,4.02,4.1,-0.08,-1.9512,677453.85,275624.387
002498.SZ,20210322,4.02,4.14,4.02,4.07,4.02,0.05,1.2438,564436.32,229424.335
002498.SZ,20210323,4.06,4.07,3.91,3.92,4.07,-0.15,-3.6855,554686.54,220298.785
002498.SZ,20210324,3.91,4.05,3.9,3.93,3.92,0.01,0.2551,404170.98,160139.635
002498.SZ,20210325,3.9,3.93,3.83,3.89,3.93,-0.04,-1.0178,283031.9,109686.393
002498.SZ,20210326,3.9,3.95,3.84,3.91,3.89,0.02,0.5141,304119.04,118819.578
002498.SZ,20210329,3.9,4.0,3.88,3.98,3.91,0.07,1.7903,394917.86,156207.212
002498.SZ,20210330,3.95,3.97,3.84,3.85,3.98,-0.13,-3.2663,338021.65,131049.516
002498.SZ,20210331,3.84,3.89,3.8,3.83,3.85,-0.02,-0.5195,203524.36,78025.585
002498.SZ,20210401,3.84,3.86,3.81,3.84,3.83,0.01,0.2611,160933.25,61697.603
002498.SZ,20210402,3.85,3.86,3.76,3.77,3.84,-0.07,-1.8229,257002.37,97352.143
002498.SZ,20210406,3.81,3.89,3.78,3.89,3.77,0.12,3.183,254647.1,97904.621
002498.SZ,20210407,3.89,3.94,3.87,3.89,3.89,0.0,0.0,296181.51,115602.585
002498.SZ,20210408,3.9,3.91,3.83,3.85,3.89,-0.04,-1.0283,167322.31,64450.221
002498.SZ,20210409,3.83,3.9,3.82,3.86,3.85,0.01,0.2597,146273.24,56581.781
002498.SZ,20210412,3.93,3.93,3.83,3.84,3.86,-0.02,-0.5181,162719.85,63071.679
002498.SZ,20210413,3.81,3.82,3.72,3.74,3.84,-0.1,-2.6042,191359.28,72079.069
002498.SZ,20210414,3.73,3.77,3.7,3.76,3.74,0.02,0.5348,117729.16,43928.486
002498.SZ,20210415,3.75,3.75,3.66,3.69,3.76,-0.07,-1.8617,137635.28,50715.456
002498.SZ,20210416,3.69,3.75,3.67,3.73,3.69,0.04,1.084,112976.97,41982.759
002498.SZ,20210419,3.74,3.78,3.72,3.78,3.73,0.05,1.3405,126744.72,47757.637
002498.SZ,20210420,3.77,3.81,3.75,3.75,3.78,-0.03,-0.7937,109329.45,41304.403
002498.SZ,20210421,3.74,3.74,3.71,3.72,3.75,-0.03,-0.8,87403.75,32517.154
002498.SZ,20210422,3.72,3.83,3.7,3.82,3.72,0.1,2.6882,224337.9,84903.206
002498.SZ,20210423,3.82,3.84,3.76,3.8,3.82,-0.02,-0.5236,159333.16,60541.126
002498.SZ,20210426,3.79,3.8,3.74,3.76,3.8,-0.04,-1.0526,120160.88,45290.091
002498.SZ,20210427,3.77,3.77,3.7,3.73,3.76,-0.03,-0.7979,84173.7,31283.729
002498.SZ,20210428,3.73,3.77,3.7,3.71,3.73,-0.02,-0.5362,111824.36,41665.246
002498.SZ,20210429,3.71,3.77,3.67,3.74,3.71,0.03,0.8086,127162.97,47311.018
002498.SZ,20210430,3.74,3.77,3.69,3.69,3.74,-0.05,-1.3369,105682.81,39353.631
