ts_code,trade_date,open,high,low,close,pre_close,change,pct_chg,vol,amount
600351.SH,20180102,7.47,7.49,7.37,7.48,7.42,0.06,0.81,62767.85,46682.213
600351.SH,20180103,7.47,7.49,7.39,7.47,7.48,-0.01,-0.13,56513.28,42066.755
600351.SH,20180104,7.46,7.55,7.41,7.52,7.47,0.05,0.67,55864.5,41792.769
600351.SH,20180105,7.5,7.55,7.43,7.52,7.52,0.0,0.0,49145.76,36849.083
600351.SH,20180108,7.48,7.58,7.44,7.56,7.52,0.04,0.53,58024.27,43702.391
600351.SH,20180109,7.56,7.56,7.45,7.48,7.56,-0.08,-1.06,55732.0,41756.276
600351.SH,20180110,7.48,7.51,7.38,7.43,7.48,-0.05,-0.67,41697.49,30947.223
600351.SH,20180111,7.43,7.44,7.33,7.41,7.43,-0.02,-0.27,43417.1,32072.304
600351.SH,20180112,7.42,7.46,7.31,7.31,7.41,-0.1,-1.35,54051.0,39853.746
600351.SH,20180115,7.32,7.4,7.22,7.23,7.31,-0.08,-1.09,62332.54,45437.948
600351.SH,20180116,7.23,7.23,7.11,7.18,7.23,-0.05,-0.69,79028.56,56643.958
600351.SH,20180117,7.18,7.24,7.07,7.23,7.18,0.05,0.7,48281.99,34487.52
600351.SH,20180118,7.24,7.24,7.08,7.18,7.23,-0.05,-0.69,56067.96,40098.403
600351.SH,20180119,7.16,7.19,7.12,7.18,7.18,0.0,0.0,32353.99,23159.859
600351.SH,20180122,7.17,7.28,7.15,7.24,7.18,0.06,0.84,40956.0,29608.812
600351.SH,20180123,7.26,7.27,7.15,7.21,7.24,-0.03,-0.41,37598.85,27049.427
600351.SH,20180124,7.21,7.24,7.16,7.23,7.21,0.02,0.28,29233.9,21055.886
600351.SH,20180125,7.27,7.3,7.23,7.26,7.23,0.03,0.41,47394.7,34429.256
600351.SH,20180126,7.3,7.4,7.3,7.33,7.26,0.07,0.96,52853.75,38803.748
600351.SH,20180129,7.36,7.36,7.23,7.25,7.33,-0.08,-1.09,35923.0,26194.036
600351.SH,20180130,7.27,7.27,7.2,7.22,7.25,-0.03,-0.41,20429.46,14762.653
600351.SH,20180131,7.21,7.22,7.05,7.1,7.22,-0.12,-1.66,52251.21,37188.763
600351.SH,20180201,7.1,7.18,6.95,7.16,7.1,0.06,0.85,65677.05,46363.939
600351.SH,20180202,7.1,7.22,7.04,7.16,7.16,0.0,0.0,36827.74,26173.082
600351.SH,20180205,7.07,7.17,6.93,7.17,7.16,0.01,0.14,44519.88,31444.083
600351.SH,20180206,7.07,7.58,7.01,7.13,7.17,-0.04,-0.56,108856.65,79073.332
600351.SH,20180207,7.21,7.22,6.99,7.15,7.13,0.02,0.28,50195.98,35628.014
600351.SH,20180208,7.15,7.23,7.07,7.22,7.15,0.07,0.98,45330.31,32364.18
600351.SH,20180209,7.14,7.14,6.93,7.04,7.22,-0.18,-2.49,57045.0,40231.828
600351.SH,20180212,7.04,7.17,7.03,7.15,7.04,0.11,1.56,36734.0,26143.622
600351.SH,20180213,7.22,7.28,7.11,7.16,7.15,0.01,0.14,29325.0,21028.798
600351.SH,20180214,7.16,7.19,7.12,7.18,7.16,0.02,0.28,18509.0,13235.363
600351.SH,20180222,7.19,7.25,7.17,7.23,7.18,0.05,0.7,31556.12,22759.531
600351.SH,20180223,7.23,7.24,7.2,7.22,7.23,-0.01,-0.14,21914.26,15811.621
600351.SH,20180226,7.23,7.3,7.18,7.29,7.22,0.07,0.97,55225.36,40051.097
600351.SH,20180227,7.32,7.34,7.26,7.28,7.29,-0.01,-0.14,38917.2,28335.614
600351.SH,20180228,7.25,7.31,7.18,7.29,7.28,0.01,0.14,37201.0,27008.927
600351.SH,20180301,7.25,7.38,7.23,7.38,7.29,0.09,1.23,62858.71,46141.096
600351.SH,20180302,7.34,7.37,7.3,7.35,7.38,-0.03,-0.41,34202.78,25094.077
600351.SH,20180305,7.36,7.41,7.31,7.36,7.35,0.01,0.14,29816.11,21924.527
600351.SH,20180306,7.36,7.4,7.31,7.39,7.36,0.03,0.41,44446.11,32709.151
600351.SH,20180307,7.4,7.46,7.35,7.35,7.39,-0.04,-0.54,46789.15,34618.392
600351.SH,20180308,7.34,7.49,7.31,7.48,7.35,0.13,1.77,73366.87,54478.388
600351.SH,20180309,7.46,7.53,7.41,7.52,7.48,0.04,0.53,53755.7,40143.867
600351.SH,20180312,7.51,7.62,7.5,7.57,7.52,0.05,0.66,64019.0,48446.126
600351.SH,20180313,7.54,7.77,7.54,7.68,7.57,0.11,1.45,101296.77,77968.221
600351.SH,20180314,7.62,7.77,7.62,7.72,7.68,0.04,0.52,79029.01,61024.659
600351.SH,20180315,7.69,7.73,7.52,7.61,7.72,-0.11,-1.42,56967.35,43468.591
600351.SH,20180316,7.59,7.75,7.53,7.7,7.61,0.09,1.18,45961.24,35359.841
600351.SH,20180319,7.69,7.86,7.65,7.81,7.7,0.11,1.43,74267.61,57873.661
600351.SH,20180320,7.77,8.05,7.72,8.02,7.81,0.21,2.69,146045.4,116133.226
600351.SH,20180321,8.0,8.05,7.83,7.84,8.02,-0.18,-2.24,85892.28,68206.556
600351.SH,20180322,7.89,7.95,7.72,7.75,7.84,-0.09,-1.15,76498.43,59635.978
600351.SH,20180323,7.59,7.65,7.42,7.47,7.75,-0.28,-3.61,108025.64,81393.061
600351.SH,20180326,7.38,7.6,7.35,7.58,7.47,0.11,1.47,59419.15,44500.81
600351.SH,20180327,7.64,7.66,7.56,7.63,7.58,0.05,0.66,88592.56,67378.64
600351.SH,20180328,7.55,7.64,7.51,7.51,7.63,-0.12,-1.57,50096.73,37924.919
600351.SH,20180329,7.51,7.58,7.47,7.57,7.51,0.06,0.8,43154.88,32467.629
600351.SH,20180330,7.55,7.6,7.5,7.56,7.57,-0.01,-0.13,70521.81,53266.233
600351.SH,20180402,7.57,7.64,7.54,7.58,7.56,0.02,0.26,70513.01,53562.012
600351.SH,20180403,7.5,7.62,7.42,7.58,7.58,0.0,0.0,51748.0,38958.979
600351.SH,20180404,7.58,7.76,7.52,7.63,7.58,0.05,0.66,104243.46,79723.534
600351.SH,20180409,7.63,7.74,7.55,7.7,7.63,0.07,0.92,80698.36,61889.731
600351.SH,20180410,7.7,7.87,7.65,7.86,7.7,0.16,2.08,117760.8,91490.12
600351.SH,20180411,7.86,7.9,7.72,7.73,7.86,-0.13,-1.65,96771.0,75381.17
600351.SH,20180412,7.7,7.83,7.69,7.74,7.73,0.01,0.13,65398.0,50658.709
600351.SH,20180413,7.78,7.92,7.59,7.68,7.74,-0.06,-0.78,101491.66,78586.369
600351.SH,20180416,7.75,7.79,7.56,7.68,7.68,0.0,0.0,65195.47,49972.958
600351.SH,20180417,7.67,7.7,7.43,7.48,7.68,-0.2,-2.6,64006.0,48218.992
600351.SH,20180418,7.46,7.61,7.3,7.54,7.48,0.06,0.8,62426.62,46562.688
600351.SH,20180419,7.54,7.66,7.47,7.52,7.54,-0.02,-0.27,38142.0,28873.903
600351.SH,20180420,7.48,7.55,7.3,7.41,7.52,-0.11,-1.46,52574.21,38828.811
600351.SH,20180423,7.4,7.4,7.07,7.17,7.41,-0.24,-3.24,60624.1,43669.563
600351.SH,20180424,7.15,7.26,7.15,7.24,7.17,0.07,0.98,47058.02,33926.719
600351.SH,20180425,7.2,7.29,7.14,7.27,7.24,0.03,0.41,41563.18,29991.591
600351.SH,20180426,7.27,7.28,7.16,7.16,7.27,-0.11,-1.51,29023.01,20904.025
600351.SH,20180427,7.18,7.38,7.17,7.32,7.16,0.16,2.23,48162.97,35107.425
600351.SH,20180502,7.47,7.82,7.4,7.66,7.32,0.34,4.64,213401.44,162788.216
600351.SH,20180503,7.63,7.81,7.61,7.74,7.66,0.08,1.04,142273.17,109573.581
600351.SH,20180504,7.72,7.73,7.6,7.61,7.74,-0.13,-1.68,87013.02,66703.933
600351.SH,20180507,7.59,7.89,7.59,7.88,7.61,0.27,3.55,145354.16,112848.354
600351.SH,20180508,7.94,7.96,7.8,7.84,7.88,-0.04,-0.51,132899.18,104598.24
600351.SH,20180509,7.83,7.86,7.75,7.8,7.84,-0.04,-0.51,65151.01,50780.58
600351.SH,20180510,7.77,8.04,7.77,8.02,7.8,0.22,2.82,149025.54,118360.709
600351.SH,20180511,8.03,8.08,7.82,7.87,8.02,-0.15,-1.87,118660.21,94275.15
600351.SH,20180514,7.84,7.89,7.73,7.79,7.87,-0.08,-1.02,77463.79,60304.095
600351.SH,20180515,7.79,7.85,7.64,7.83,7.79,0.04,0.51,90938.79,70502.79
600351.SH,20180516,7.81,8.32,7.77,8.21,7.83,0.38,4.85,303870.95,247548.23
600351.SH,20180517,8.29,8.29,8.05,8.15,8.21,-0.06,-0.73,150274.78,122391.543
600351.SH,20180518,8.25,8.45,8.15,8.4,8.15,0.25,3.07,268279.88,223061.185
600351.SH,20180521,8.33,8.54,8.28,8.41,8.4,0.01,0.12,182430.13,152924.635
600351.SH,20180522,8.39,8.47,8.26,8.35,8.41,-0.06,-0.71,143952.17,120361.028
600351.SH,20180523,8.43,8.73,8.35,8.39,8.35,0.04,0.48,198441.31,169346.772
600351.SH,20180524,8.36,8.6,8.24,8.5,8.39,0.11,1.31,137257.03,115617.683
600351.SH,20180525,8.47,8.78,8.41,8.6,8.5,0.1,1.18,174014.06,149910.928
600351.SH,20180528,8.6,8.73,8.44,8.67,8.6,0.07,0.81,131069.59,112899.94
600351.SH,20180529,8.62,8.94,8.27,8.34,8.67,-0.33,-3.81,235769.27,204570.175
600351.SH,20180530,8.32,8.68,8.23,8.41,8.34,0.07,0.84,204125.43,173438.487
600351.SH,20180531,8.48,8.83,8.28,8.75,8.41,0.34,4.04,177711.75,152857.69
600351.SH,20180601,8.68,8.69,8.3,8.41,8.75,-0.34,-3.89,144458.04,122374.303
600351.SH,20180604,8.39,8.51,8.3,8.44,8.41,0.03,0.36,67989.4,57172.417
600351.SH,20180605,8.44,8.75,8.41,8.72,8.44,0.28,3.32,113604.79,98236.236
600351.SH,20180606,8.68,8.69,8.55,8.61,8.72,-0.11,-1.26,68349.89,58889.429
600351.SH,20180607,8.6,8.71,8.46,8.63,8.61,0.02,0.23,81128.43,69569.028
600351.SH,20180608,8.6,8.66,8.4,8.51,8.63,-0.12,-1.39,68698.22,58588.107
600351.SH,20180611,8.45,8.47,8.12,8.17,8.51,-0.34,-4.0,91639.53,75597.681
600351.SH,20180612,8.15,8.34,8.15,8.34,8.17,0.17,2.08,54216.93,44825.312
600351.SH,20180613,8.3,8.4,8.1,8.11,8.34,-0.23,-2.76,48481.0,40065.454
600351.SH,20180614,8.1,8.23,7.84,7.92,8.11,-0.19,-2.34,91042.17,72880.391
600351.SH,20180615,7.93,7.99,7.68,7.73,7.92,-0.19,-2.4,64068.32,49805.659
600351.SH,20180619,7.6,7.72,6.96,7.09,7.73,-0.64,-8.28,165381.4,120543.792
600351.SH,20180620,7.01,7.18,6.81,7.16,6.99,0.17,2.43,115584.09,80663.731
600351.SH,20180621,7.14,7.25,6.96,7.07,7.16,-0.09,-1.26,76051.15,53988.861
600351.SH,20180622,7.03,7.26,6.93,7.2,7.07,0.13,1.84,58393.82,41772.898
600351.SH,20180625,7.25,7.28,7.12,7.17,7.2,-0.03,-0.42,35296.95,25418.773
600351.SH,20180626,7.1,7.26,7.04,7.22,7.17,0.05,0.7,37162.6,26799.412
600351.SH,20180627,7.23,7.3,7.01,7.06,7.22,-0.16,-2.22,52472.3,37381.961
600351.SH,20180628,7.06,7.12,7.0,7.05,7.06,-0.01,-0.14,25874.85,18244.028
600351.SH,20180629,7.02,7.27,7.01,7.26,7.05,0.21,2.98,45126.53,32329.121
600351.SH,20180702,7.18,7.34,6.98,7.08,7.26,-0.18,-2.48,75727.62,54318.382
600351.SH,20180703,7.08,7.15,6.91,7.14,7.08,0.06,0.85,42136.22,29690.867
600351.SH,20180704,7.12,7.13,6.92,7.05,7.14,-0.09,-1.26,48132.05,33729.805
600351.SH,20180705,7.01,7.02,6.56,6.64,7.05,-0.41,-5.82,68321.08,46443.273
600351.SH,20180706,6.61,6.69,6.02,6.48,6.64,-0.16,-2.41,163884.14,102988.566
600351.SH,20180709,6.43,6.69,6.39,6.65,6.48,0.17,2.62,81949.41,53801.389
600351.SH,20180710,6.78,6.96,6.76,6.94,6.65,0.29,4.36,91350.32,62680.622
600351.SH,20180711,6.81,6.83,6.65,6.78,6.94,-0.16,-2.31,52233.42,35227.683
600351.SH,20180712,6.79,7.16,6.79,7.04,6.78,0.26,3.83,118037.83,83097.327
600351.SH,20180713,7.04,7.64,7.04,7.56,7.04,0.52,7.39,190747.7,141227.315
600351.SH,20180716,7.58,7.84,7.5,7.7,7.56,0.14,1.85,117388.99,89987.054
600351.SH,20180717,7.68,7.68,7.5,7.54,7.7,-0.16,-2.08,78586.12,59276.011
600351.SH,20180718,7.57,7.66,7.44,7.53,7.54,-0.01,-0.13,88811.29,66932.554
600351.SH,20180719,7.51,7.52,7.3,7.44,7.53,-0.09,-1.2,60827.93,45165.984
600351.SH,20180720,7.55,7.88,7.51,7.67,7.44,0.23,3.0914,164083.48,127520.442
600351.SH,20180723,7.4,7.79,7.3,7.76,7.67,0.09,1.1734,150924.66,113906.37
600351.SH,20180724,7.7,7.91,7.6,7.9,7.76,0.14,1.8041,101589.97,79240.283
600351.SH,20180725,7.86,8.2,7.76,8.17,7.9,0.27,3.4177,106049.41,85305.618
600351.SH,20180726,8.18,8.27,7.92,8.11,8.17,-0.06,-0.7344,88477.34,71817.042
600351.SH,20180727,8.06,8.16,8.03,8.08,8.11,-0.03,-0.3699,58865.4,47782.128
600351.SH,20180730,8.04,8.09,7.75,7.89,8.08,-0.19,-2.3515,88953.98,69865.241
600351.SH,20180731,7.84,7.96,7.79,7.89,7.89,0.0,0.0,50431.53,39725.839
600351.SH,20180801,7.95,7.96,7.71,7.73,7.89,-0.16,-2.0279,41756.0,32734.423
600351.SH,20180802,7.68,7.84,7.56,7.77,7.73,0.04,0.5175,67722.43,52393.317
600351.SH,20180803,7.83,7.98,7.41,7.44,7.77,-0.33,-4.2471,123761.01,95827.448
600351.SH,20180806,7.31,7.66,7.3,7.43,7.44,-0.01,-0.1344,98766.28,73758.415
600351.SH,20180807,7.48,7.51,7.21,7.45,7.43,0.02,0.2692,70151.22,51949.251
600351.SH,20180808,7.45,7.46,7.26,7.3,7.45,-0.15,-2.0134,48596.35,35571.817
600351.SH,20180809,7.24,7.53,7.18,7.46,7.3,0.16,2.1918,81068.0,60291.006
600351.SH,20180810,7.42,7.77,7.42,7.68,7.46,0.22,2.9491,65622.56,50204.22
600351.SH,20180813,7.59,7.73,7.52,7.72,7.68,0.04,0.5208,51164.56,39108.407
600351.SH,20180814,7.68,7.89,7.64,7.75,7.72,0.03,0.3886,49754.77,38556.95
600351.SH,20180815,7.77,7.8,7.35,7.41,7.75,-0.34,-4.3871,63823.02,47942.013
600351.SH,20180816,7.25,7.47,7.23,7.38,7.41,-0.03,-0.4049,36471.0,26950.018
600351.SH,20180817,7.45,7.5,7.11,7.17,7.38,-0.21,-2.8455,49035.16,35636.762
600351.SH,20180820,7.18,7.21,6.8,7.01,7.17,-0.16,-2.2315,70699.51,49359.469
600351.SH,20180821,7.0,7.21,6.98,7.17,7.01,0.16,2.2825,30672.13,21856.607
600351.SH,20180822,7.13,7.2,7.09,7.11,7.17,-0.06,-0.8368,21280.5,15189.997
600351.SH,20180823,7.09,7.21,7.09,7.2,7.11,0.09,1.2658,24085.5,17252.544
600351.SH,20180824,7.16,7.21,7.11,7.14,7.2,-0.06,-0.8333,18698.0,13390.465
600351.SH,20180827,7.19,7.47,7.14,7.46,7.14,0.32,4.4818,49511.01,36523.296
600351.SH,20180828,7.5,7.63,7.39,7.54,7.46,0.08,1.0724,40642.31,30541.73
600351.SH,20180829,7.5,7.54,7.34,7.41,7.54,-0.13,-1.7241,38181.62,28365.152
600351.SH,20180830,7.43,7.45,7.33,7.36,7.41,-0.05,-0.6748,22750.05,16798.772
600351.SH,20180831,7.34,7.39,7.21,7.21,7.36,-0.15,-2.038,24082.0,17570.581
600351.SH,20180903,7.2,7.43,7.18,7.4,7.21,0.19,2.6352,28010.02,20399.814
600351.SH,20180904,7.39,7.49,7.32,7.47,7.4,0.07,0.9459,36113.34,26905.059
600351.SH,20180905,7.5,7.55,7.25,7.29,7.47,-0.18,-2.4096,48853.0,36248.954
600351.SH,20180906,7.3,7.4,7.2,7.24,7.29,-0.05,-0.6859,30682.32,22387.818
600351.SH,20180907,7.24,7.36,7.15,7.24,7.24,0.0,0.0,27125.57,19671.886
600351.SH,20180910,7.24,7.27,7.13,7.14,7.24,-0.1,-1.3812,23859.0,17137.54
600351.SH,20180911,7.17,7.29,7.1,7.2,7.14,0.06,0.8403,23481.64,16869.759
600351.SH,20180912,7.2,7.28,7.13,7.27,7.2,0.07,0.9722,23946.62,17268.459
600351.SH,20180913,7.28,7.34,7.01,7.18,7.27,-0.09,-1.238,62270.94,44539.381
600351.SH,20180914,7.18,7.21,6.98,6.98,7.18,-0.2,-2.7855,51070.09,35962.412
600351.SH,20180917,6.94,7.07,6.78,6.95,6.98,-0.03,-0.4298,37537.4,25984.771
600351.SH,20180918,6.93,7.08,6.9,7.05,6.95,0.1,1.4388,23460.5,16450.556
600351.SH,20180919,7.05,7.14,7.01,7.07,7.05,0.02,0.2837,26168.82,18505.973
600351.SH,20180920,7.05,7.12,7.01,7.04,7.07,-0.03,-0.4243,36916.02,26072.968
600351.SH,20180921,7.04,7.12,7.04,7.1,7.04,0.06,0.8523,54223.02,38408.851
600351.SH,20180925,7.11,7.13,7.01,7.03,7.1,-0.07,-0.9859,41042.11,29038.827
600351.SH,20180926,7.06,7.11,7.03,7.08,7.03,0.05,0.7112,34695.78,24555.654
600351.SH,20180927,7.1,7.22,7.06,7.09,7.08,0.01,0.1412,45247.0,32270.312
600351.SH,20180928,7.06,7.19,7.06,7.18,7.09,0.09,1.2694,33503.17,23968.463
600351.SH,20181008,7.1,7.16,6.93,6.93,7.18,-0.25,-3.4819,37924.01,26761.589
600351.SH,20181009,6.95,7.1,6.95,7.03,6.93,0.1,1.443,35184.7,24708.445
600351.SH,20181010,7.04,7.05,6.89,7.0,7.03,-0.03,-0.4267,20223.98,14099.552
600351.SH,20181011,6.88,7.01,6.68,6.8,7.0,-0.2,-2.8571,61124.16,41782.346
600351.SH,20181012,6.79,6.89,6.45,6.83,6.8,0.03,0.4412,40651.04,27287.728
600351.SH,20181015,6.86,6.93,6.55,6.58,6.83,-0.25,-3.6603,38706.44,26049.4
600351.SH,20181016,6.65,6.65,6.33,6.35,6.58,-0.23,-3.4954,36039.38,23328.954
600351.SH,20181017,6.45,6.51,6.2,6.36,6.35,0.01,0.1575,29330.57,18595.527
600351.SH,20181018,6.31,6.33,6.17,6.18,6.36,-0.18,-2.8302,19811.94,12360.27
600351.SH,20181019,6.12,6.41,6.11,6.33,6.18,0.15,2.4272,26550.47,16755.782
600351.SH,20181022,6.46,6.72,6.38,6.6,6.33,0.27,4.2654,52463.12,34391.15
600351.SH,20181023,6.6,6.66,6.44,6.49,6.6,-0.11,-1.6667,33996.13,22198.356
600351.SH,20181024,6.49,6.55,6.35,6.38,6.49,-0.11,-1.6949,31359.27,20196.637
600351.SH,20181025,6.21,6.42,6.14,6.39,6.38,0.01,0.1567,34028.11,21395.075
600351.SH,20181026,6.44,6.5,6.38,6.43,6.39,0.04,0.626,22159.0,14259.72
600351.SH,20181029,6.39,6.48,6.33,6.38,6.43,-0.05,-0.7776,19806.27,12658.245
600351.SH,20181030,6.34,6.47,6.3,6.41,6.38,0.03,0.4702,18741.55,11984.992
600351.SH,20181031,6.43,6.72,6.39,6.66,6.41,0.25,3.9002,54122.01,35616.59
600351.SH,20181101,6.68,6.75,6.55,6.59,6.66,-0.07,-1.0511,49886.32,33284.134
600351.SH,20181102,6.66,6.82,6.62,6.79,6.59,0.2,3.0349,54179.79,36557.713
600351.SH,20181105,6.75,6.91,6.7,6.74,6.79,-0.05,-0.7364,45728.88,31024.696
600351.SH,20181106,6.71,6.86,6.59,6.8,6.74,0.06,0.8902,52776.87,35348.194
600351.SH,20181107,6.77,6.88,6.71,6.8,6.8,0.0,0.0,41330.35,28061.069
600351.SH,20181108,6.86,6.86,6.68,6.72,6.8,-0.08,-1.1765,36342.59,24466.192
600351.SH,20181109,6.71,6.75,6.58,6.58,6.72,-0.14,-2.0833,33332.0,22191.086
600351.SH,20181112,6.54,6.78,6.54,6.78,6.58,0.2,3.0395,38266.6,25585.431
600351.SH,20181113,6.7,6.92,6.68,6.86,6.78,0.08,1.1799,46979.06,32131.786
600351.SH,20181114,6.85,6.97,6.82,6.86,6.86,0.0,0.0,34913.96,24054.578
600351.SH,20181115,6.83,6.95,6.83,6.9,6.86,0.04,0.5831,35697.3,24609.455
600351.SH,20181116,6.9,6.98,6.83,6.93,6.9,0.03,0.4348,39257.43,27176.775
600351.SH,20181119,6.93,6.93,6.81,6.87,6.93,-0.06,-0.8658,36731.02,25185.281
600351.SH,20181120,6.85,6.85,6.65,6.7,6.87,-0.17,-2.4745,97260.57,65643.502
600351.SH,20181121,6.63,6.63,6.43,6.54,6.7,-0.16,-2.3881,94874.07,61840.227
600351.SH,20181122,6.54,6.6,6.45,6.5,6.54,-0.04,-0.6116,68556.81,44599.515
600351.SH,20181123,6.49,6.49,6.36,6.36,6.5,-0.14,-2.1538,47670.12,30543.183
600351.SH,20181126,6.42,6.42,6.18,6.23,6.36,-0.13,-2.044,61981.58,38803.948
600351.SH,20181127,6.25,6.36,6.23,6.31,6.23,0.08,1.2841,47519.2,29958.901
600351.SH,20181128,6.31,6.33,6.21,6.33,6.31,0.02,0.317,32799.56,20585.17
600351.SH,20181129,6.36,6.41,6.15,6.17,6.33,-0.16,-2.5276,62684.0,39319.991
600351.SH,20181130,6.13,6.24,6.13,6.23,6.17,0.06,0.9724,31594.2,19563.425
600351.SH,20181203,6.33,6.4,6.28,6.31,6.23,0.08,1.2841,100237.55,63469.672
600351.SH,20181204,6.32,6.35,6.27,6.34,6.31,0.03,0.4754,48037.4,30361.075
600351.SH,20181205,6.28,6.68,6.25,6.51,6.34,0.17,2.6814,145414.5,94074.225
600351.SH,20181206,6.51,6.54,6.37,6.4,6.51,-0.11,-1.6897,62781.01,40502.338
600351.SH,20181207,6.35,6.38,6.02,6.14,6.4,-0.26,-4.0625,147886.59,91113.699
600351.SH,20181210,6.09,6.09,5.79,5.84,6.14,-0.3,-4.886,137086.89,80815.294
600351.SH,20181211,5.88,5.89,5.83,5.89,5.84,0.05,0.8562,41608.53,24419.455
600351.SH,20181212,5.92,5.92,5.86,5.89,5.89,0.0,0.0,41752.01,24607.176
600351.SH,20181213,5.89,5.97,5.89,5.91,5.89,0.02,0.3396,38796.66,23028.074
600351.SH,20181214,5.88,5.93,5.79,5.79,5.91,-0.12,-2.0305,33137.0,19412.417
600351.SH,20181217,5.77,5.85,5.73,5.79,5.79,0.0,0.0,26567.85,15405.674
600351.SH,20181218,5.77,6.03,5.73,5.89,5.79,0.1,1.7271,91569.37,54081.043
600351.SH,20181219,5.88,5.93,5.79,5.82,5.89,-0.07,-1.1885,30825.34,18008.659
600351.SH,20181220,5.83,5.85,5.76,5.82,5.82,0.0,0.0,26805.44,15543.089
600351.SH,20181221,5.8,5.83,5.75,5.78,5.82,-0.04,-0.6873,21912.7,12650.715
600351.SH,20181224,5.83,5.84,5.76,5.79,5.78,0.01,0.173,24164.38,14011.133
600351.SH,20181225,5.73,5.73,5.61,5.66,5.79,-0.13,-2.2453,43561.18,24666.981
600351.SH,20181226,5.67,5.72,5.63,5.66,5.66,0.0,0.0,26733.38,15156.857
600351.SH,20181227,5.72,5.77,5.64,5.65,5.66,-0.01,-0.1767,34379.66,19591.037
600351.SH,20181228,5.65,5.69,5.58,5.63,5.65,-0.02,-0.354,20680.42,11631.032
600351.SH,20190102,5.63,5.66,5.51,5.56,5.63,-0.07,-1.2433,30265.04,16851.906
600351.SH,20190103,5.56,5.59,5.52,5.53,5.56,-0.03,-0.5396,21693.84,12027.104
600351.SH,20190104,5.5,5.66,5.49,5.64,5.53,0.11,1.9892,43445.14,24331.263
600351.SH,20190107,5.66,5.71,5.61,5.68,5.64,0.04,0.7092,37542.54,21281.365
600351.SH,20190108,5.65,5.69,5.63,5.67,5.68,-0.01,-0.1761,16962.5,9588.713
600351.SH,20190109,5.65,5.77,5.65,5.72,5.67,0.05,0.8818,35937.84,20608.473
600351.SH,20190110,5.72,5.75,5.64,5.65,5.72,-0.07,-1.2238,25928.6,14768.638
600351.SH,20190111,5.65,5.73,5.65,5.73,5.65,0.08,1.4159,31033.44,17664.067
600351.SH,20190114,5.73,5.81,5.71,5.8,5.73,0.07,1.2216,40818.92,23571.317
600351.SH,20190115,5.81,5.84,5.75,5.82,5.8,0.02,0.3448,30330.24,17614.229
600351.SH,20190116,5.8,5.84,5.8,5.81,5.82,-0.01,-0.1718,19841.04,11551.011
600351.SH,20190117,5.79,5.86,5.75,5.83,5.81,0.02,0.3442,29921.18,17410.278
600351.SH,20190118,5.83,5.92,5.79,5.91,5.83,0.08,1.3722,51607.67,30349.222
600351.SH,20190121,5.93,5.96,5.85,5.88,5.91,-0.03,-0.5076,35727.12,21094.123
600351.SH,20190122,5.88,5.9,5.81,5.83,5.88,-0.05,-0.8503,20316.04,11877.781
600351.SH,20190123,5.8,5.81,5.7,5.76,5.83,-0.07,-1.2007,26482.63,15235.844
600351.SH,20190124,5.75,5.81,5.71,5.78,5.76,0.02,0.3472,20946.72,12095.607
600351.SH,20190125,5.78,5.84,5.73,5.76,5.78,-0.02,-0.346,22451.1,12989.061
600351.SH,20190128,5.78,5.84,5.68,5.69,5.76,-0.07,-1.2153,22781.7,13062.365
600351.SH,20190129,5.71,5.72,5.56,5.59,5.69,-0.1,-1.7575,28041.0,15705.553
600351.SH,20190130,5.59,5.65,5.57,5.6,5.59,0.01,0.1789,12483.61,7016.717
600351.SH,20190131,5.65,5.65,5.5,5.5,5.6,-0.1,-1.7857,27073.06,15032.974
600351.SH,20190201,5.53,5.73,5.5,5.71,5.5,0.21,3.8182,31771.0,18021.908
600351.SH,20190211,5.62,5.84,5.62,5.84,5.71,0.13,2.2767,35006.55,20328.003
600351.SH,20190212,5.84,5.96,5.81,5.92,5.84,0.08,1.3699,49728.36,29421.173
600351.SH,20190213,5.93,5.95,5.88,5.93,5.92,0.01,0.1689,53283.25,31538.946
600351.SH,20190214,5.95,5.97,5.9,5.93,5.93,0.0,0.0,35868.42,21294.773
600351.SH,20190215,5.93,5.97,5.89,5.89,5.93,-0.04,-0.6745,32747.36,19424.211
600351.SH,20190218,5.92,6.06,5.92,6.06,5.89,0.17,2.8862,56917.94,34129.748
600351.SH,20190219,6.07,6.09,5.97,6.02,6.06,-0.04,-0.6601,65789.0,39654.789
600351.SH,20190220,6.04,6.04,5.92,6.0,6.02,-0.02,-0.3322,42378.79,25337.278
600351.SH,20190221,6.0,6.06,5.93,5.96,6.0,-0.04,-0.6667,57308.36,34361.699
600351.SH,20190222,5.95,6.04,5.92,6.02,5.96,0.06,1.0067,50701.41,30295.615
600351.SH,20190225,6.13,6.28,6.03,6.25,6.02,0.23,3.8206,120963.46,74483.743
600351.SH,20190226,6.27,6.49,6.18,6.3,6.25,0.05,0.8,143422.23,90817.285
600351.SH,20190227,6.3,6.33,6.2,6.23,6.3,-0.07,-1.1111,85135.7,53322.628
600351.SH,20190228,6.24,6.38,6.23,6.28,6.23,0.05,0.8026,63144.34,39792.828
600351.SH,20190301,6.3,6.36,6.24,6.35,6.28,0.07,1.1146,66273.23,41783.946
600351.SH,20190304,6.35,6.47,6.3,6.36,6.35,0.01,0.1575,129082.63,82297.7
600351.SH,20190305,6.33,6.43,6.3,6.43,6.36,0.07,1.1006,83421.29,53117.6
600351.SH,20190306,6.43,6.89,6.43,6.75,6.43,0.32,4.9767,185978.13,122946.046
600351.SH,20190307,6.7,6.89,6.63,6.89,6.75,0.14,2.0741,151021.97,101826.817
600351.SH,20190308,6.79,7.58,6.73,7.5,6.89,0.61,8.8534,559342.5,416355.477
600351.SH,20190311,7.95,8.25,7.52,8.25,7.5,0.75,10.0,563502.83,455119.814
600351.SH,20190312,7.94,8.45,7.83,8.27,8.25,0.02,0.2424,498476.83,403568.044
600351.SH,20190313,8.1,8.1,7.72,7.79,8.27,-0.48,-5.8041,296320.41,235428.54
600351.SH,20190314,7.7,7.89,7.29,7.59,7.79,-0.2,-2.5674,214608.3,161495.143
600351.SH,20190315,7.59,7.9,7.41,7.85,7.59,0.26,3.4256,204120.46,157467.868
600351.SH,20190318,7.79,7.97,7.58,7.88,7.85,0.03,0.3822,192761.19,150414.877
600351.SH,20190319,7.89,8.0,7.74,7.82,7.88,-0.06,-0.7614,190973.55,150100.093
600351.SH,20190320,7.95,8.59,7.83,8.31,7.82,0.49,6.266,377309.08,310541.358
600351.SH,20190321,8.56,9.14,8.32,8.8,8.31,0.49,5.8965,574777.72,513183.217
600351.SH,20190322,8.7,8.93,8.56,8.85,8.8,0.05,0.5682,283451.27,247671.599
600351.SH,20190325,8.66,8.74,8.21,8.28,8.85,-0.57,-6.4407,242387.89,205612.017
600351.SH,20190326,8.38,8.47,7.9,7.93,8.28,-0.35,-4.2271,188233.54,152113.098
600351.SH,20190327,7.93,8.38,7.82,8.29,7.93,0.36,4.5397,215974.83,175242.687
600351.SH,20190328,8.18,8.25,7.82,7.94,8.29,-0.35,-4.222,208865.66,167104.837
600351.SH,20190329,7.93,8.18,7.7,8.17,7.94,0.23,2.8967,163507.71,130030.392
600351.SH,20190401,8.17,8.35,8.04,8.27,8.17,0.1,1.224,193097.98,158871.316
600351.SH,20190402,8.3,8.32,8.13,8.17,8.27,-0.1,-1.2092,128938.5,105793.539
600351.SH,20190403,8.17,8.24,8.07,8.22,8.17,0.05,0.612,102792.25,84053.038
600351.SH,20190404,8.2,9.04,8.2,8.9,8.22,0.68,8.2725,378308.42,332826.833
600351.SH,20190408,8.84,9.09,8.5,8.58,8.9,-0.32,-3.5955,212924.33,185974.929
600351.SH,20190409,8.58,8.99,8.51,8.71,8.58,0.13,1.5152,186824.36,163404.868
600351.SH,20190410,8.71,9.06,8.62,8.83,8.71,0.12,1.3777,236477.52,210329.878
600351.SH,20190411,8.84,8.95,8.35,8.38,8.83,-0.45,-5.0963,177031.48,151943.659
600351.SH,20190412,8.42,8.51,8.05,8.15,8.38,-0.23,-2.7446,140538.45,115379.695
600351.SH,20190415,8.25,8.36,8.08,8.12,8.15,-0.03,-0.3681,94864.7,77934.947
600351.SH,20190416,8.12,8.23,7.92,8.23,8.12,0.11,1.3547,89451.13,72146.991
600351.SH,20190417,8.22,8.5,8.13,8.39,8.23,0.16,1.9441,125122.18,104112.429
600351.SH,20190418,8.35,8.56,8.21,8.51,8.39,0.12,1.4303,134836.59,113592.697
600351.SH,20190419,8.51,8.77,8.43,8.7,8.51,0.19,2.2327,160086.89,138329.868
600351.SH,20190422,8.73,8.74,8.05,8.1,8.7,-0.6,-6.8966,238903.87,198329.398
600351.SH,20190423,8.08,8.25,8.06,8.13,8.1,0.03,0.3704,99768.38,81547.439
600351.SH,20190424,8.17,8.33,8.08,8.19,8.13,0.06,0.738,73568.41,60303.615
600351.SH,20190425,8.19,8.3,7.84,7.86,8.19,-0.33,-4.0293,112532.38,90275.026
600351.SH,20190426,7.83,7.87,7.4,7.55,7.86,-0.31,-3.944,125652.59,95419.851
600351.SH,20190429,7.55,7.75,7.35,7.52,7.55,-0.03,-0.3974,84899.68,64033.572
600351.SH,20190430,7.54,7.78,7.45,7.65,7.52,0.13,1.7287,55079.52,42108.568
600351.SH,20190506,7.35,7.46,6.89,6.89,7.65,-0.76,-9.9346,117411.0,83585.358
600351.SH,20190507,6.86,6.95,6.44,6.73,6.89,-0.16,-2.3222,208834.75,139870.684
600351.SH,20190508,6.53,6.86,6.43,6.74,6.73,0.01,0.1486,106298.3,71255.49
600351.SH,20190509,6.69,6.82,6.56,6.74,6.74,0.0,0.0,84279.95,56762.896
600351.SH,20190510,6.78,6.96,6.57,6.94,6.74,0.2,2.9674,121554.28,83102.236
600351.SH,20190513,6.83,6.93,6.74,6.82,6.94,-0.12,-1.7291,70859.67,48414.275
600351.SH,20190514,6.7,6.81,6.66,6.76,6.82,-0.06,-0.8798,46899.23,31691.461
600351.SH,20190515,6.82,7.01,6.75,6.98,6.76,0.22,3.2544,86005.0,59456.009
600351.SH,20190516,7.0,7.04,6.9,6.92,6.98,-0.06,-0.8596,72369.1,50392.75
600351.SH,20190517,6.96,6.98,6.6,6.66,6.92,-0.26,-3.7572,79232.0,53777.769
600351.SH,20190520,6.62,6.69,6.44,6.52,6.66,-0.14,-2.1021,71861.27,46743.677
600351.SH,20190521,6.5,6.68,6.5,6.66,6.52,0.14,2.1472,74741.94,49505.314
600351.SH,20190522,6.67,6.69,6.48,6.57,6.66,-0.09,-1.3514,64337.1,42336.647
600351.SH,20190523,6.58,6.58,6.34,6.36,6.57,-0.21,-3.1963,75511.77,48525.646
600351.SH,20190524,6.32,6.42,6.29,6.3,6.36,-0.06,-0.9434,38629.0,24482.524
600351.SH,20190527,6.31,6.52,6.27,6.51,6.3,0.21,3.3333,51061.66,32855.83
600351.SH,20190528,6.52,6.6,6.49,6.54,6.51,0.03,0.4608,53763.0,35273.454
600351.SH,20190529,6.52,6.66,6.47,6.56,6.54,0.02,0.3058,40563.1,26694.473
600351.SH,20190530,6.52,6.56,6.48,6.54,6.56,-0.02,-0.3049,37273.17,24256.535
600351.SH,20190531,6.52,6.57,6.43,6.46,6.54,-0.08,-1.2232,38119.0,24804.677
600351.SH,20190603,6.47,6.52,6.33,6.39,6.46,-0.07,-1.0836,40232.67,25771.846
600351.SH,20190604,6.43,6.48,6.28,6.36,6.39,-0.03,-0.4695,47198.8,29973.22
600351.SH,20190605,6.38,6.43,6.3,6.33,6.36,-0.03,-0.4717,37827.0,24034.921
600351.SH,20190606,6.32,6.32,6.12,6.17,6.33,-0.16,-2.5276,52218.6,32244.904
600351.SH,20190610,6.15,6.23,6.05,6.15,6.17,-0.02,-0.3241,74267.67,45413.398
600351.SH,20190611,5.96,6.09,5.8,6.07,5.9,0.17,2.8814,103919.4,61763.618
600351.SH,20190612,6.04,6.08,5.98,5.99,6.07,-0.08,-1.318,59366.05,35745.799
600351.SH,20190613,5.97,6.04,5.85,6.02,5.99,0.03,0.5008,74132.01,44231.041
600351.SH,20190614,6.04,6.04,5.9,5.92,6.02,-0.1,-1.6611,46879.13,28033.466
600351.SH,20190617,5.91,6.04,5.88,6.03,5.92,0.11,1.8581,47312.5,28439.639
600351.SH,20190618,6.05,6.1,5.99,6.06,6.03,0.03,0.4975,47125.72,28490.836
600351.SH,20190619,6.15,6.2,6.12,6.15,6.06,0.09,1.4851,63701.0,39197.305
600351.SH,20190620,6.15,6.26,6.11,6.25,6.15,0.1,1.626,75706.67,46942.588
600351.SH,20190621,6.16,6.35,6.12,6.27,6.25,0.02,0.32,123437.41,77025.407
600351.SH,20190624,6.23,6.3,6.17,6.22,6.27,-0.05,-0.7974,51907.89,32302.398
600351.SH,20190625,6.22,6.23,6.08,6.13,6.22,-0.09,-1.4469,52604.4,32209.686
600351.SH,20190626,6.1,6.27,6.07,6.2,6.13,0.07,1.1419,44964.36,27887.418
600351.SH,20190627,6.21,6.28,6.18,6.23,6.2,0.03,0.4839,45271.87,28273.063
600351.SH,20190628,6.23,6.27,6.14,6.15,6.23,-0.08,-1.2841,41427.49,25598.672
600351.SH,20190701,6.24,6.3,6.18,6.29,6.15,0.14,2.2764,66974.95,41921.766
600351.SH,20190702,6.25,6.33,6.24,6.3,6.29,0.01,0.159,52803.29,33185.399
600351.SH,20190703,6.29,6.31,6.18,6.2,6.3,-0.1,-1.5873,47227.0,29340.508
600351.SH,20190704,6.24,6.25,6.17,6.18,6.2,-0.02,-0.3226,33079.59,20520.045
600351.SH,20190705,6.19,6.23,6.18,6.2,6.18,0.02,0.3236,31761.38,19700.55
600351.SH,20190708,6.15,6.2,5.93,5.93,6.2,-0.27,-4.3548,75288.37,45337.376
600351.SH,20190709,5.9,5.96,5.85,5.95,5.93,0.02,0.3373,40546.38,23932.66
600351.SH,20190710,5.96,6.02,5.91,5.93,5.95,-0.02,-0.3361,32296.69,19242.417
600351.SH,20190711,5.95,6.01,5.93,5.95,5.93,0.02,0.3373,25595.23,15285.129
600351.SH,20190712,5.95,6.03,5.93,6.01,5.95,0.06,1.0084,30172.16,18087.68
600351.SH,20190715,6.02,6.15,5.98,6.14,6.01,0.13,2.1631,54482.87,33112.895
600351.SH,20190716,6.3,6.44,6.16,6.2,6.14,0.06,0.9772,122651.0,77331.091
600351.SH,20190717,6.13,6.34,6.12,6.21,6.2,0.01,0.1613,72514.3,45212.099
600351.SH,20190718,6.16,6.17,6.1,6.1,6.21,-0.11,-1.7713,48723.19,29877.393
600351.SH,20190719,6.14,6.18,6.11,6.12,6.1,0.02,0.3279,30935.2,18988.274
600351.SH,20190722,6.1,6.14,5.92,5.94,6.12,-0.18,-2.9412,51374.82,30721.993
600351.SH,20190723,5.94,6.01,5.9,6.0,5.94,0.06,1.0101,28426.8,16946.592
600351.SH,20190724,6.0,6.07,5.99,6.02,6.0,0.02,0.3333,47291.31,28479.562
600351.SH,20190725,6.03,6.04,5.97,5.99,6.02,-0.03,-0.4983,28318.29,16975.074
600351.SH,20190726,5.98,6.05,5.97,6.05,5.99,0.06,1.0017,36875.54,22200.819
600351.SH,20190729,6.05,6.06,6.0,6.03,6.05,-0.02,-0.3306,21646.08,13026.674
600351.SH,20190730,6.02,6.07,5.99,6.04,6.03,0.01,0.1658,26164.8,15801.517
600351.SH,20190731,6.02,6.02,5.97,5.99,6.04,-0.05,-0.8278,19322.6,11587.655
600351.SH,20190801,5.97,6.03,5.94,5.98,5.99,-0.01,-0.1669,21894.08,13089.824
600351.SH,20190802,5.91,5.93,5.81,5.88,5.98,-0.1,-1.6722,45037.19,26468.985
600351.SH,20190805,5.85,5.9,5.81,5.82,5.88,-0.06,-1.0204,24516.0,14351.517
600351.SH,20190806,5.74,5.75,5.56,5.63,5.82,-0.19,-3.2646,55053.14,30940.744
600351.SH,20190807,5.67,5.67,5.58,5.59,5.63,-0.04,-0.7105,23729.0,13338.525
600351.SH,20190808,5.61,5.63,5.59,5.6,5.59,0.01,0.1789,19817.2,11121.023
600351.SH,20190809,5.63,5.65,5.57,5.61,5.6,0.01,0.1786,27425.0,15389.223
600351.SH,20190812,5.6,5.68,5.6,5.67,5.61,0.06,1.0695,27092.0,15280.341
600351.SH,20190813,5.63,5.65,5.56,5.6,5.67,-0.07,-1.2346,25055.72,14031.48
600351.SH,20190814,5.64,5.68,5.56,5.62,5.6,0.02,0.3571,39814.0,22381.12
600351.SH,20190815,5.51,5.77,5.44,5.75,5.62,0.13,2.3132,75078.72,42467.612
600351.SH,20190816,5.71,5.78,5.6,5.63,5.75,-0.12,-2.087,121185.0,68995.884
600351.SH,20190819,5.65,5.8,5.64,5.8,5.63,0.17,3.0195,123686.13,70692.089
600351.SH,20190820,5.78,5.84,5.75,5.79,5.8,-0.01,-0.1724,61820.48,35753.906
600351.SH,20190821,5.85,5.88,5.79,5.83,5.79,0.04,0.6908,68067.82,39684.325
600351.SH,20190822,5.82,5.87,5.78,5.84,5.83,0.01,0.1715,67387.1,39253.348
600351.SH,20190823,5.85,5.97,5.8,5.97,5.84,0.13,2.226,111676.6,65934.304
600351.SH,20190826,5.85,6.11,5.8,6.06,5.97,0.09,1.5075,142882.49,85393.838
600351.SH,20190827,6.04,6.28,6.03,6.22,6.06,0.16,2.6403,196911.21,121960.254
600351.SH,20190828,6.18,6.22,6.08,6.09,6.22,-0.13,-2.09,129868.33,79447.166
600351.SH,20190829,6.13,6.13,6.01,6.04,6.09,-0.05,-0.821,103521.39,62594.209
600351.SH,20190830,6.06,6.08,5.85,5.88,6.04,-0.16,-2.649,125100.59,74618.991
600351.SH,20190902,5.88,6.0,5.85,5.98,5.88,0.1,1.7007,108871.5,64673.648
600351.SH,20190903,6.0,6.01,5.93,5.97,5.98,-0.01,-0.1672,87651.64,52334.063
600351.SH,20190904,5.97,6.0,5.91,5.99,5.97,0.02,0.335,81814.72,48726.267
600351.SH,20190905,6.02,6.14,6.0,6.08,5.99,0.09,1.5025,157878.49,95789.172
600351.SH,20190906,6.09,6.1,6.03,6.1,6.08,0.02,0.3289,97447.92,59036.337
600351.SH,20190909,6.15,6.18,6.1,6.17,6.1,0.07,1.1475,99610.19,61124.283
600351.SH,20190910,6.15,6.37,6.12,6.31,6.17,0.14,2.269,211827.48,132792.449
600351.SH,20190911,6.32,6.4,6.21,6.24,6.31,-0.07,-1.1094,146855.04,92284.775
600351.SH,20190912,6.29,6.45,6.23,6.39,6.24,0.15,2.4038,221151.07,140935.076
600351.SH,20190916,6.41,6.41,6.33,6.36,6.39,-0.03,-0.4695,120855.78,76938.381
600351.SH,20190917,6.33,6.34,6.1,6.15,6.36,-0.21,-3.3019,120506.48,74672.111
600351.SH,20190918,6.18,6.19,6.12,6.13,6.15,-0.02,-0.3252,49510.0,30459.981
600351.SH,20190919,6.16,6.23,6.13,6.21,6.13,0.08,1.3051,76848.95,47610.97
600351.SH,20190920,6.22,6.24,6.16,6.16,6.21,-0.05,-0.8052,49258.32,30521.352
600351.SH,20190923,6.16,6.16,6.03,6.1,6.16,-0.06,-0.974,61499.62,37315.522
600351.SH,20190924,6.1,6.16,6.05,6.08,6.1,-0.02,-0.3279,62546.0,38145.333
600351.SH,20190925,6.03,6.04,5.83,5.86,6.08,-0.22,-3.6184,114855.32,67664.137
600351.SH,20190926,5.87,5.87,5.68,5.71,5.86,-0.15,-2.5597,68547.31,39461.688
600351.SH,20190927,5.7,5.78,5.69,5.75,5.71,0.04,0.7005,37028.77,21271.147
600351.SH,20190930,5.75,5.79,5.72,5.73,5.75,-0.02,-0.3478,28996.0,16669.631
600351.SH,20191008,5.74,5.84,5.74,5.76,5.73,0.03,0.5236,39580.43,22931.325
600351.SH,20191009,5.74,5.84,5.73,5.84,5.76,0.08,1.3889,29535.32,17147.801
600351.SH,20191010,5.84,5.92,5.82,5.9,5.84,0.06,1.0274,42217.69,24779.352
600351.SH,20191011,5.88,5.91,5.82,5.89,5.9,-0.01,-0.1695,55419.0,32508.905
600351.SH,20191014,5.92,5.99,5.92,5.95,5.89,0.06,1.0187,42686.0,25446.658
600351.SH,20191015,5.93,5.96,5.9,5.91,5.95,-0.04,-0.6723,33465.0,19839.699
600351.SH,20191016,5.9,5.93,5.85,5.86,5.91,-0.05,-0.846,41573.05,24470.668
600351.SH,20191017,5.84,5.91,5.83,5.84,5.86,-0.02,-0.3413,29050.0,17056.457
600351.SH,20191018,5.84,5.91,5.74,5.77,5.84,-0.07,-1.1986,36107.0,20999.703
600351.SH,20191021,5.77,5.77,5.65,5.75,5.77,-0.02,-0.3466,32054.0,18299.246
600351.SH,20191022,5.77,5.87,5.77,5.87,5.75,0.12,2.087,40467.0,23602.481
600351.SH,20191023,5.85,6.02,5.85,5.9,5.87,0.03,0.5111,69350.0,41195.788
600351.SH,20191024,5.91,5.93,5.77,5.84,5.9,-0.06,-1.0169,45920.29,26769.604
600351.SH,20191025,5.81,5.92,5.8,5.91,5.84,0.07,1.1986,38559.0,22635.283
600351.SH,20191028,5.95,5.99,5.91,5.99,5.91,0.08,1.3536,79621.63,47479.686
600351.SH,20191029,5.99,6.11,5.94,5.97,5.99,-0.02,-0.3339,91534.29,55054.699
600351.SH,20191030,5.93,6.08,5.82,6.04,5.97,0.07,1.1725,144699.32,86144.879
600351.SH,20191031,6.04,6.05,5.79,5.87,6.04,-0.17,-2.8146,110652.01,65726.416
600351.SH,20191101,5.82,5.86,5.73,5.81,5.87,-0.06,-1.0221,67525.96,39176.381
600351.SH,20191104,5.83,5.87,5.8,5.82,5.81,0.01,0.1721,56001.94,32707.243
600351.SH,20191105,5.82,5.84,5.74,5.8,5.82,-0.02,-0.3436,52852.26,30595.191
600351.SH,20191106,5.77,5.82,5.72,5.75,5.8,-0.05,-0.8621,37397.31,21581.33
600351.SH,20191107,5.74,5.85,5.72,5.82,5.75,0.07,1.2174,48601.0,28234.776
600351.SH,20191108,5.84,5.86,5.77,5.77,5.82,-0.05,-0.8591,45525.94,26479.735
600351.SH,20191111,5.74,5.74,5.56,5.57,5.77,-0.2,-3.4662,78212.0,43850.013
600351.SH,20191112,5.54,5.62,5.54,5.6,5.57,0.03,0.5386,26801.0,14941.093
600351.SH,20191113,5.59,5.61,5.55,5.57,5.6,-0.03,-0.5357,22825.43,12734.875
600351.SH,20191114,5.54,5.6,5.54,5.58,5.57,0.01,0.1795,31867.44,17750.909
600351.SH,20191115,5.59,5.61,5.48,5.49,5.58,-0.09,-1.6129,33433.0,18517.152
600351.SH,20191118,5.49,5.52,5.43,5.51,5.49,0.02,0.3643,22786.0,12505.761
600351.SH,20191119,5.51,5.58,5.48,5.58,5.51,0.07,1.2704,29946.9,16635.552
600351.SH,20191120,5.58,5.6,5.55,5.57,5.58,-0.01,-0.1792,23507.9,13086.25
600351.SH,20191121,5.56,5.57,5.51,5.54,5.57,-0.03,-0.5386,17578.98,9726.613
600351.SH,20191122,5.56,5.58,5.48,5.5,5.54,-0.04,-0.722,30817.43,17045.583
600351.SH,20191125,5.5,5.55,5.46,5.53,5.5,0.03,0.5455,24649.33,13581.614
600351.SH,20191126,5.54,5.58,5.52,5.57,5.53,0.04,0.7233,23076.44,12812.819
600351.SH,20191127,5.58,5.61,5.55,5.58,5.57,0.01,0.1795,31874.42,17773.233
600351.SH,20191128,5.57,5.59,5.53,5.54,5.58,-0.04,-0.7168,16788.59,9339.324
600351.SH,20191129,5.6,5.6,5.51,5.55,5.54,0.01,0.1805,17621.93,9782.856
600351.SH,20191202,5.55,5.59,5.54,5.57,5.55,0.02,0.3604,20468.09,11379.129
600351.SH,20191203,5.55,5.59,5.52,5.57,5.57,0.0,0.0,18787.26,10438.576
600351.SH,20191204,5.57,5.6,5.53,5.59,5.57,0.02,0.3591,28346.53,15803.629
600351.SH,20191205,5.58,5.64,5.57,5.63,5.59,0.04,0.7156,43734.0,24530.507
600351.SH,20191206,5.61,5.65,5.6,5.65,5.63,0.02,0.3552,25540.17,14366.399
600351.SH,20191209,5.65,5.66,5.62,5.63,5.65,-0.02,-0.354,24408.44,13755.848
600351.SH,20191210,5.65,5.65,5.58,5.63,5.63,0.0,0.0,37340.33,20940.82
600351.SH,20191211,5.65,5.67,5.58,5.61,5.63,-0.02,-0.3552,33473.0,18820.447
600351.SH,20191212,5.59,5.61,5.57,5.59,5.61,-0.02,-0.3565,27908.01,15597.01
600351.SH,20191213,5.6,5.66,5.59,5.65,5.59,0.06,1.0733,50094.0,28163.422
600351.SH,20191216,5.69,5.72,5.64,5.72,5.65,0.07,1.2389,63328.51,35970.274
600351.SH,20191217,5.72,5.8,5.69,5.77,5.72,0.05,0.8741,67982.43,39124.447
600351.SH,20191218,5.77,5.8,5.71,5.74,5.77,-0.03,-0.5199,54625.72,31417.432
600351.SH,20191219,5.74,5.82,5.71,5.82,5.74,0.08,1.3937,53027.02,30595.389
600351.SH,20191220,5.81,5.84,5.77,5.78,5.82,-0.04,-0.6873,44594.14,25866.862
600351.SH,20191223,5.78,5.79,5.63,5.65,5.78,-0.13,-2.2491,46772.71,26666.081
600351.SH,20191224,5.65,5.7,5.65,5.68,5.65,0.03,0.531,29014.03,16464.556
600351.SH,20191225,5.69,5.69,5.62,5.66,5.68,-0.02,-0.3521,56399.0,31881.583
600351.SH,20191226,5.66,5.71,5.63,5.7,5.66,0.04,0.7067,42909.59,24305.667
600351.SH,20191227,5.7,5.73,5.65,5.66,5.7,-0.04,-0.7018,54651.0,31169.613
600351.SH,20191230,5.65,5.71,5.58,5.7,5.66,0.04,0.7067,61259.03,34540.378
600351.SH,20191231,5.69,5.9,5.65,5.83,5.7,0.13,2.2807,161299.72,93573.546
600351.SH,20200102,5.84,5.84,5.68,5.84,5.83,0.01,0.1715,136280.65,79035.868
600351.SH,20200103,5.82,5.86,5.8,5.84,5.84,0.0,0.0,87403.94,50911.919
600351.SH,20200106,5.85,5.9,5.82,5.86,5.84,0.02,0.3425,106235.69,62291.682
600351.SH,20200107,5.85,5.95,5.84,5.93,5.86,0.07,1.1945,102585.55,60434.131
600351.SH,20200108,5.91,5.93,5.79,5.8,5.93,-0.13,-2.1922,82816.2,48519.478
600351.SH,20200109,5.82,5.91,5.82,5.9,5.8,0.1,1.7241,81598.44,47908.959
600351.SH,20200110,5.88,5.96,5.86,5.89,5.9,-0.01,-0.1695,75585.53,44624.24
600351.SH,20200113,5.89,5.91,5.79,5.89,5.89,0.0,0.0,67681.12,39544.408
600351.SH,20200114,5.9,5.92,5.87,5.9,5.89,0.01,0.1698,79304.93,46777.126
600351.SH,20200115,5.89,5.9,5.79,5.82,5.9,-0.08,-1.3559,60200.0,35095.102
600351.SH,20200116,5.83,5.84,5.72,5.73,5.82,-0.09,-1.5464,74627.07,43096.23
600351.SH,20200117,5.74,5.78,5.71,5.72,5.73,-0.01,-0.1745,47492.01,27265.499
600351.SH,20200120,5.2,5.42,5.2,5.41,5.72,-0.31,-5.4196,278368.82,147707.506
600351.SH,20200121,5.4,5.63,5.39,5.58,5.41,0.17,3.1423,231285.02,127989.641
600351.SH,20200122,5.68,5.68,5.34,5.36,5.58,-0.22,-3.9427,145424.0,78946.695
600351.SH,20200123,5.39,5.45,5.22,5.28,5.36,-0.08,-1.4925,111183.1,59204.603
600351.SH,20200203,4.85,5.18,4.85,4.98,5.28,-0.3,-5.6818,178219.29,89545.203
600351.SH,20200204,5.06,5.36,5.03,5.28,4.98,0.3,6.0241,182729.52,94635.277
600351.SH,20200205,5.4,5.74,5.16,5.73,5.28,0.45,8.5227,276111.93,149411.996
600351.SH,20200206,5.63,6.23,5.58,5.95,5.73,0.22,3.8394,453142.75,269457.54
600351.SH,20200207,5.99,6.14,5.65,5.74,5.95,-0.21,-3.5294,297969.09,174307.149
600351.SH,20200210,5.73,5.73,5.41,5.5,5.74,-0.24,-4.1812,180004.1,99306.823
600351.SH,20200211,5.5,6.05,5.46,6.05,5.5,0.55,10.0,297625.07,171192.584
600351.SH,20200212,6.07,6.12,5.8,5.92,6.05,-0.13,-2.1488,252851.57,150058.539
600351.SH,20200213,5.87,6.08,5.73,5.92,5.92,0.0,0.0,264963.53,156395.133
600351.SH,20200214,5.87,5.99,5.78,5.78,5.92,-0.14,-2.3649,155629.12,91199.258
600351.SH,20200217,5.79,6.02,5.79,5.97,5.78,0.19,3.2872,153530.76,90898.239
600351.SH,20200218,6.08,6.09,5.82,5.9,5.97,-0.07,-1.1725,158889.18,93796.469
600351.SH,20200219,5.86,5.89,5.72,5.74,5.9,-0.16,-2.7119,121755.65,70300.08
600351.SH,20200220,5.74,5.79,5.66,5.76,5.74,0.02,0.3484,90594.69,51855.939
600351.SH,20200221,5.74,5.77,5.63,5.71,5.76,-0.05,-0.8681,132294.93,75173.523
600351.SH,20200224,5.7,5.77,5.67,5.72,5.71,0.01,0.1751,105224.83,60222.198
600351.SH,20200225,5.63,5.75,5.55,5.74,5.72,0.02,0.3497,149974.16,85051.795
600351.SH,20200226,5.67,5.7,5.6,5.6,5.74,-0.14,-2.439,104048.98,58756.59
600351.SH,20200227,5.63,5.68,5.56,5.59,5.6,-0.01,-0.1786,55230.82,30922.654
600351.SH,20200228,5.52,5.54,5.33,5.37,5.59,-0.22,-3.9356,92173.79,50363.029
600351.SH,20200302,5.4,5.5,5.38,5.48,5.37,0.11,2.0484,54775.05,29908.647
600351.SH,20200303,5.52,5.74,5.51,5.6,5.48,0.12,2.1898,152560.75,86074.095
600351.SH,20200304,5.53,5.61,5.5,5.58,5.6,-0.02,-0.3571,60621.88,33722.346
600351.SH,20200305,5.61,5.63,5.56,5.63,5.58,0.05,0.8961,111002.22,62218.885
600351.SH,20200306,5.61,5.74,5.59,5.68,5.63,0.05,0.8881,142385.88,80812.091
600351.SH,20200309,5.65,5.68,5.51,5.59,5.68,-0.09,-1.5845,102316.32,57189.745
600351.SH,20200310,5.5,5.58,5.31,5.52,5.59,-0.07,-1.2522,105010.45,57286.14
600351.SH,20200311,5.54,5.57,5.44,5.46,5.52,-0.06,-1.087,73964.48,40741.742
600351.SH,20200312,5.4,5.44,5.29,5.32,5.46,-0.14,-2.5641,74291.1,39690.838
600351.SH,20200313,5.06,5.19,4.85,5.19,5.32,-0.13,-2.4436,90952.82,46224.499
600351.SH,20200316,5.27,5.44,5.08,5.16,5.19,-0.03,-0.578,85720.82,45350.304
600351.SH,20200317,5.17,5.23,4.92,5.1,5.16,-0.06,-1.1628,57092.69,28967.422
600351.SH,20200318,5.19,5.19,5.02,5.02,5.1,-0.08,-1.5686,45538.35,23273.373
600351.SH,20200319,5.0,5.06,4.91,5.0,5.02,-0.02,-0.3984,44367.69,22122.126
600351.SH,20200320,5.05,5.11,5.02,5.09,5.0,0.09,1.8,44737.13,22681.291
600351.SH,20200323,5.0,5.08,4.98,4.99,5.09,-0.1,-1.9646,40767.0,20487.581
600351.SH,20200324,5.04,5.09,4.97,5.05,4.99,0.06,1.2024,39993.32,20118.751
600351.SH,20200325,5.12,5.17,5.04,5.13,5.05,0.08,1.5842,95346.46,48536.659
600351.SH,20200326,5.09,5.18,5.07,5.08,5.13,-0.05,-0.9747,58024.01,29681.478
600351.SH,20200327,5.13,5.13,5.03,5.03,5.08,-0.05,-0.9843,39774.42,20201.362
600351.SH,20200330,5.01,5.03,4.95,4.98,5.03,-0.05,-0.994,43187.88,21514.163
600351.SH,20200331,5.0,5.03,4.95,4.96,4.98,-0.02,-0.4016,35955.0,17893.763
600351.SH,20200401,4.97,4.98,4.93,4.94,4.96,-0.02,-0.4032,30218.33,14962.216
600351.SH,20200402,4.92,5.01,4.89,5.0,4.94,0.06,1.2146,37480.32,18587.959
600351.SH,20200403,5.01,5.03,4.98,5.02,5.0,0.02,0.4,35732.0,17910.716
600351.SH,20200407,5.07,5.14,5.04,5.12,5.02,0.1,1.992,56037.01,28545.075
600351.SH,20200408,5.12,5.17,5.08,5.15,5.12,0.03,0.5859,64853.64,33243.772
600351.SH,20200409,5.15,5.18,5.11,5.15,5.15,0.0,0.0,59049.77,30399.169
600351.SH,20200410,5.16,5.24,5.09,5.1,5.15,-0.05,-0.9709,89693.3,46340.782
600351.SH,20200413,5.08,5.19,5.05,5.14,5.1,0.04,0.7843,62634.88,32203.992
600351.SH,20200414,5.16,5.24,5.09,5.2,5.14,0.06,1.1673,79676.53,41224.043
600351.SH,20200415,5.21,5.54,5.18,5.43,5.2,0.23,4.4231,247457.83,132857.138
600351.SH,20200416,5.39,5.58,5.31,5.4,5.43,-0.03,-0.5525,213784.39,115784.14
600351.SH,20200417,5.35,5.39,5.19,5.23,5.4,-0.17,-3.1481,144076.1,76067.942
600351.SH,20200420,5.21,5.28,5.18,5.21,5.23,-0.02,-0.3824,78575.14,41061.25
600351.SH,20200421,5.2,5.26,5.15,5.21,5.21,0.0,0.0,61470.57,31933.65
600351.SH,20200422,5.18,5.21,5.13,5.21,5.21,0.0,0.0,51370.82,26531.888
600351.SH,20200423,5.2,5.27,5.16,5.16,5.21,-0.05,-0.9597,71995.14,37620.229
600351.SH,20200424,5.16,5.18,5.0,5.02,5.16,-0.14,-2.7132,78766.0,39808.253
600351.SH,20200427,5.01,5.01,4.93,4.97,5.02,-0.05,-0.996,58030.01,28825.009
600351.SH,20200428,4.97,4.98,4.81,4.89,4.97,-0.08,-1.6097,56614.64,27644.158
600351.SH,20200429,4.88,4.93,4.85,4.91,4.89,0.02,0.409,30594.7,14979.75
600351.SH,20200430,4.91,4.98,4.9,4.97,4.91,0.06,1.222,32714.69,16188.713
600351.SH,20200506,4.92,5.02,4.92,5.01,4.97,0.04,0.8048,35379.23,17641.055
600351.SH,20200507,5.02,5.02,4.96,4.97,5.01,-0.04,-0.7984,29090.77,14505.332
600351.SH,20200508,5.0,5.02,4.97,5.01,4.97,0.04,0.8048,26677.01,13345.648
600351.SH,20200511,5.01,5.04,4.96,4.98,5.01,-0.03,-0.5988,24816.0,12402.37
600351.SH,20200512,4.99,5.01,4.95,4.97,4.98,-0.01,-0.2008,24184.0,12036.408
600351.SH,20200513,4.97,4.99,4.93,4.98,4.97,0.01,0.2012,29283.67,14530.003
600351.SH,20200514,4.97,4.97,4.92,4.93,4.98,-0.05,-1.004,27469.82,13557.508
600351.SH,20200515,4.94,4.95,4.9,4.91,4.93,-0.02,-0.4057,21809.77,10724.473
600351.SH,20200518,4.92,4.93,4.86,4.9,4.91,-0.01,-0.2037,23075.01,11293.293
600351.SH,20200519,4.92,4.94,4.91,4.93,4.9,0.03,0.6122,22582.71,11103.247
600351.SH,20200520,4.92,4.92,4.85,4.86,4.93,-0.07,-1.4199,31742.54,15477.016
600351.SH,20200521,4.87,4.93,4.86,4.88,4.86,0.02,0.4115,25625.66,12543.988
600351.SH,20200522,4.88,4.88,4.81,4.82,4.88,-0.06,-1.2295,28896.0,13971.83
600351.SH,20200525,4.81,4.84,4.8,4.82,4.82,0.0,0.0,18991.01,9150.088
600351.SH,20200526,4.85,4.92,4.84,4.91,4.82,0.09,1.8672,33751.89,16497.389
600351.SH,20200527,4.9,4.9,4.85,4.86,4.91,-0.05,-1.0183,26496.0,12909.513
600351.SH,20200528,4.86,4.88,4.81,4.85,4.86,-0.01,-0.2058,23404.85,11324.348
600351.SH,20200529,4.85,4.89,4.84,4.88,4.85,0.03,0.6186,28854.32,14061.232
600351.SH,20200601,4.88,4.97,4.88,4.96,4.88,0.08,1.6393,44847.36,22135.955
600351.SH,20200602,4.95,4.98,4.93,4.97,4.96,0.01,0.2016,38083.04,18890.042
600351.SH,20200603,4.99,5.05,4.99,5.03,4.97,0.06,1.2072,69508.02,34863.946
600351.SH,20200604,5.01,5.03,4.97,4.99,5.03,-0.04,-0.7952,37465.51,18701.907
600351.SH,20200605,5.0,5.02,4.93,4.98,4.99,-0.01,-0.2004,29985.0,14924.497
600351.SH,20200608,4.98,5.01,4.96,5.0,4.98,0.02,0.4016,24627.02,12268.641
600351.SH,20200609,5.0,5.02,4.98,5.01,5.0,0.01,0.2,28768.05,14390.942
600351.SH,20200610,4.99,4.99,4.93,4.93,5.01,-0.08,-1.5968,33330.16,16483.754
600351.SH,20200611,4.92,4.96,4.88,4.95,4.93,0.02,0.4057,31810.85,15680.377
600351.SH,20200612,4.87,4.94,4.85,4.93,4.95,-0.02,-0.404,23042.0,11303.989
600351.SH,20200615,4.95,5.04,4.93,5.01,4.93,0.08,1.6227,54907.46,27481.53
600351.SH,20200616,5.02,5.07,5.0,5.05,5.01,0.04,0.7984,51454.08,25916.003
600351.SH,20200617,5.06,5.38,5.05,5.2,5.05,0.15,2.9703,147350.49,76624.116
600351.SH,20200618,5.17,5.18,5.05,5.09,5.2,-0.11,-2.1154,78219.75,39880.16
600351.SH,20200619,5.08,5.1,5.04,5.08,5.09,-0.01,-0.1965,42855.63,21735.332
600351.SH,20200622,5.09,5.09,5.03,5.06,5.08,-0.02,-0.3937,37199.8,18809.572
600351.SH,20200623,5.05,5.14,5.01,5.08,5.06,0.02,0.3953,58368.05,29575.429
600351.SH,20200624,5.05,5.06,4.99,5.01,5.08,-0.07,-1.378,42985.1,21553.45
600351.SH,20200629,5.0,5.09,4.99,5.02,5.01,0.01,0.1996,39885.0,20117.887
600351.SH,20200630,5.02,5.1,5.02,5.09,5.02,0.07,1.3944,54079.01,27463.013
600351.SH,20200701,5.08,5.14,5.06,5.1,5.09,0.01,0.1965,50899.34,25960.244
600351.SH,20200702,5.08,5.18,5.08,5.16,5.1,0.06,1.1765,62205.46,32020.626
600351.SH,20200703,5.18,5.19,5.14,5.18,5.16,0.02,0.3876,62507.25,32260.351
600351.SH,20200706,5.19,5.38,5.18,5.34,5.18,0.16,3.0888,133763.76,70763.615
600351.SH,20200707,5.36,5.4,5.28,5.33,5.34,-0.01,-0.1873,141293.48,75446.035
600351.SH,20200708,5.33,5.38,5.29,5.38,5.33,0.05,0.9381,108512.78,57913.184
600351.SH,20200709,5.42,5.54,5.39,5.5,5.38,0.12,2.2305,166629.96,91094.119
600351.SH,20200710,5.46,5.54,5.39,5.44,5.5,-0.06,-1.0909,119266.07,65263.85
600351.SH,20200713,5.6,5.63,5.48,5.6,5.44,0.16,2.9412,135469.71,75342.321
600351.SH,20200714,5.54,5.63,5.37,5.45,5.58,-0.13,-2.3297,142944.73,78443.735
600351.SH,20200715,5.46,5.54,5.31,5.34,5.45,-0.11,-2.0183,100853.29,54694.064
600351.SH,20200716,5.34,5.36,5.13,5.16,5.34,-0.18,-3.3708,92550.1,48706.013
600351.SH,20200717,5.16,5.21,5.1,5.16,5.16,0.0,0.0,50286.86,25914.621
600351.SH,20200720,5.18,5.3,5.18,5.3,5.16,0.14,2.7132,59989.84,31467.805
600351.SH,20200721,5.31,5.38,5.28,5.37,5.3,0.07,1.3208,72981.99,38940.865
600351.SH,20200722,5.37,5.41,5.3,5.3,5.37,-0.07,-1.3035,75239.23,40327.682
600351.SH,20200723,5.3,5.62,5.26,5.62,5.3,0.32,6.0377,287619.1,157942.467
600351.SH,20200724,5.56,5.65,5.3,5.34,5.62,-0.28,-4.9822,206745.89,112967.751
600351.SH,20200727,5.36,5.56,5.36,5.46,5.34,0.12,2.2472,149867.59,81825.125
600351.SH,20200728,5.45,5.52,5.32,5.39,5.46,-0.07,-1.2821,137994.52,74455.381
600351.SH,20200729,5.37,5.5,5.26,5.48,5.39,0.09,1.6698,135325.1,73261.632
600351.SH,20200730,5.46,5.8,5.46,5.57,5.48,0.09,1.6423,227318.98,127434.689
600351.SH,20200731,5.53,5.82,5.45,5.73,5.57,0.16,2.8725,245539.65,138581.695
600351.SH,20200803,5.88,6.3,5.88,6.3,5.73,0.57,9.9476,260664.93,162476.437
600351.SH,20200804,6.93,6.93,6.42,6.93,6.3,0.63,10.0,836603.96,577912.704
600351.SH,20200805,7.62,7.62,7.23,7.62,6.93,0.69,9.9567,658192.54,500295.782
600351.SH,20200806,8.38,8.38,8.38,8.38,7.62,0.76,9.9738,130772.6,109587.439
600351.SH,20200807,8.38,9.12,7.54,8.58,8.38,0.2,2.3866,1700086.85,1376430.68
600351.SH,20200810,8.99,9.43,7.93,8.27,8.58,-0.31,-3.6131,1362484.62,1195592.855
600351.SH,20200811,8.58,9.1,8.43,9.1,8.27,0.83,10.0363,1246056.78,1114656.24
600351.SH,20200812,8.41,8.45,8.19,8.19,9.1,-0.91,-10.0,458381.0,377151.868
600351.SH,20200813,7.71,7.78,7.37,7.37,8.19,-0.82,-10.0122,1176325.18,876605.617
600351.SH,20200814,7.15,7.16,6.67,6.91,7.37,-0.46,-6.2415,897036.76,618887.102
600351.SH,20200817,6.84,7.15,6.81,7.01,6.91,0.1,1.4472,718933.51,500979.633
600351.SH,20200818,6.98,7.18,6.88,7.12,7.01,0.11,1.5692,775912.91,546319.656
600351.SH,20200819,7.19,7.19,6.76,6.83,7.12,-0.29,-4.073,642771.11,446085.484
600351.SH,20200820,6.67,6.84,6.6,6.72,6.83,-0.11,-1.6105,330092.02,221329.226
600351.SH,20200821,6.72,6.83,6.6,6.83,6.72,0.11,1.6369,370964.64,249438.625
600351.SH,20200824,6.85,6.85,6.65,6.72,6.83,-0.11,-1.6105,256453.95,172545.469
600351.SH,20200825,6.68,6.76,6.55,6.59,6.72,-0.13,-1.9345,281415.83,186601.199
600351.SH,20200826,6.52,6.72,6.41,6.6,6.59,0.01,0.1517,281841.78,185587.136
600351.SH,20200827,6.55,6.57,6.3,6.44,6.6,-0.16,-2.4242,293141.95,187371.896
600351.SH,20200828,6.41,6.58,6.33,6.53,6.44,0.09,1.3975,259843.39,167526.522
600351.SH,20200831,6.55,6.57,6.46,6.46,6.53,-0.07,-1.072,173229.34,112920.388
600351.SH,20200901,6.4,6.51,6.34,6.48,6.46,0.02,0.3096,143475.04,92330.237
600351.SH,20200902,6.51,6.53,6.33,6.33,6.48,-0.15,-2.3148,192907.52,123205.482
600351.SH,20200903,6.33,6.51,6.29,6.34,6.33,0.01,0.158,206786.18,132337.314
600351.SH,20200904,6.25,6.3,6.12,6.2,6.34,-0.14,-2.2082,222232.79,137245.055
600351.SH,20200907,6.18,6.26,6.02,6.06,6.2,-0.14,-2.2581,194558.98,119260.863
600351.SH,20200908,6.05,6.14,5.97,6.11,6.06,0.05,0.8251,157028.99,95186.748
600351.SH,20200909,6.01,6.07,5.9,5.9,6.11,-0.21,-3.437,235852.24,141290.971
600351.SH,20200910,5.95,5.98,5.68,5.71,5.9,-0.19,-3.2203,314797.23,182471.242
600351.SH,20200911,5.69,5.81,5.68,5.78,5.71,0.07,1.2259,156429.34,90137.93
600351.SH,20200914,5.82,5.87,5.76,5.8,5.78,0.02,0.346,152788.31,88838.77
600351.SH,20200915,5.82,5.96,5.73,5.9,5.8,0.1,1.7241,198031.05,115832.091
600351.SH,20200916,5.9,5.91,5.71,5.76,5.9,-0.14,-2.3729,158253.0,91569.217
600351.SH,20200917,5.76,5.81,5.68,5.78,5.76,0.02,0.3472,109933.89,63159.731
600351.SH,20200918,5.75,5.93,5.75,5.91,5.78,0.13,2.2491,154329.43,90407.37
600351.SH,20200921,5.92,5.99,5.86,5.94,5.91,0.03,0.5076,147618.78,87401.379
600351.SH,20200922,5.88,6.04,5.84,5.91,5.94,-0.03,-0.5051,196258.45,116607.967
600351.SH,20200923,5.91,6.07,5.81,5.96,5.91,0.05,0.846,245081.61,146458.07
600351.SH,20200924,5.91,5.95,5.75,5.83,5.96,-0.13,-2.1812,168148.98,98091.869
600351.SH,20200925,5.82,5.98,5.8,5.86,5.83,0.03,0.5146,175600.17,103386.917
600351.SH,20200928,5.85,5.88,5.48,5.52,5.86,-0.34,-5.802,229249.22,129245.286
600351.SH,20200929,5.52,5.58,5.43,5.52,5.52,0.0,0.0,106096.09,58385.047
600351.SH,20200930,5.53,5.67,5.52,5.55,5.52,0.03,0.5435,97370.41,54446.578
600351.SH,20201009,5.58,6.03,5.58,5.92,5.55,0.37,6.6667,286841.59,168215.632
600351.SH,20201012,6.05,6.12,5.95,6.02,5.92,0.1,1.6892,231439.05,139408.436
600351.SH,20201013,6.03,6.06,5.93,5.97,6.02,-0.05,-0.8306,133969.99,80131.916
600351.SH,20201014,5.96,6.05,5.9,5.92,5.97,-0.05,-0.8375,165027.04,98380.924
600351.SH,20201015,5.92,5.92,5.78,5.81,5.92,-0.11,-1.8581,118159.99,69001.581
600351.SH,20201016,5.81,5.92,5.74,5.9,5.81,0.09,1.5491,130267.19,75917.04
600351.SH,20201019,5.89,5.93,5.75,5.76,5.9,-0.14,-2.3729,150246.11,87594.361
600351.SH,20201020,5.72,5.78,5.66,5.77,5.76,0.01,0.1736,68498.57,39138.873
600351.SH,20201021,5.77,5.79,5.66,5.67,5.77,-0.1,-1.7331,86298.01,49246.079
600351.SH,20201022,5.66,5.67,5.58,5.62,5.67,-0.05,-0.8818,67127.56,37703.106
600351.SH,20201023,5.62,5.66,5.51,5.54,5.62,-0.08,-1.4235,81165.19,45238.102
600351.SH,20201026,5.49,5.54,5.47,5.51,5.54,-0.03,-0.5415,67887.08,37392.291
600351.SH,20201027,5.51,5.53,5.46,5.5,5.51,-0.01,-0.1815,67115.0,36878.671
600351.SH,20201028,5.51,5.52,5.42,5.51,5.5,0.01,0.1818,69722.76,38085.636
600351.SH,20201029,5.43,5.6,5.42,5.51,5.51,0.0,0.0,88963.24,49091.249
600351.SH,20201030,5.53,5.53,5.25,5.25,5.51,-0.26,-4.7187,127296.92,68455.451
600351.SH,20201102,5.26,5.3,5.16,5.2,5.25,-0.05,-0.9524,87381.22,45609.097
600351.SH,20201103,5.2,5.45,5.2,5.41,5.2,0.21,4.0385,128755.43,68748.213
600351.SH,20201104,5.42,5.44,5.31,5.33,5.41,-0.08,-1.4787,63528.8,33982.307
600351.SH,20201105,5.34,5.42,5.33,5.38,5.33,0.05,0.9381,68559.92,36900.076
600351.SH,20201106,5.38,5.39,5.24,5.25,5.38,-0.13,-2.4164,99209.0,52407.378
600351.SH,20201109,5.3,5.44,5.26,5.4,5.25,0.15,2.8571,110237.11,59152.393
600351.SH,20201110,5.43,5.46,5.3,5.35,5.4,-0.05,-0.9259,78563.0,42266.199
600351.SH,20201111,5.35,5.35,5.25,5.26,5.35,-0.09,-1.6822,79693.0,42051.839
600351.SH,20201112,5.28,5.31,5.25,5.28,5.26,0.02,0.3802,54281.93,28629.06
600351.SH,20201113,5.28,5.39,5.22,5.35,5.28,0.07,1.3258,95320.01,50714.234
600351.SH,20201116,5.34,5.43,5.32,5.42,5.35,0.07,1.3084,66308.0,35760.92
600351.SH,20201117,5.38,5.49,5.34,5.44,5.42,0.02,0.369,79870.0,43166.786
600351.SH,20201118,5.43,5.48,5.41,5.44,5.44,0.0,0.0,91150.55,49662.409
600351.SH,20201119,5.43,5.43,5.38,5.41,5.44,-0.03,-0.5515,53807.53,29090.784
600351.SH,20201120,5.39,5.43,5.37,5.41,5.41,0.0,0.0,54218.54,29265.315
600351.SH,20201123,5.4,5.44,5.37,5.42,5.41,0.01,0.1848,67424.0,36446.075
600351.SH,20201124,5.42,5.42,5.36,5.4,5.42,-0.02,-0.369,60408.2,32539.453
600351.SH,20201125,5.39,5.4,5.31,5.31,5.4,-0.09,-1.6667,82503.92,44067.111
600351.SH,20201126,5.32,5.36,5.26,5.28,5.31,-0.03,-0.565,66767.08,35366.187
600351.SH,20201127,5.29,5.33,5.25,5.32,5.28,0.04,0.7576,52279.93,27679.023
600351.SH,20201130,5.31,5.35,5.29,5.29,5.32,-0.03,-0.5639,65407.93,34818.537
600351.SH,20201201,5.3,5.37,5.28,5.35,5.29,0.06,1.1342,65566.11,35000.264
600351.SH,20201202,5.34,5.39,5.33,5.37,5.35,0.02,0.3738,64026.15,34332.699
600351.SH,20201203,5.36,5.49,5.35,5.44,5.37,0.07,1.3035,129160.0,70315.492
600351.SH,20201204,5.44,5.48,5.4,5.46,5.44,0.02,0.3676,73666.98,40084.364
600351.SH,20201207,5.46,5.47,5.37,5.37,5.46,-0.09,-1.6484,64643.72,34934.369
600351.SH,20201208,5.36,5.4,5.32,5.32,5.37,-0.05,-0.9311,41582.75,22238.647
600351.SH,20201209,5.36,5.36,5.25,5.25,5.32,-0.07,-1.3158,70837.0,37491.042
600351.SH,20201210,5.25,5.28,5.18,5.2,5.25,-0.05,-0.9524,74045.89,38707.727
600351.SH,20201211,5.22,5.23,5.01,5.09,5.2,-0.11,-2.1154,97946.16,49925.008
600351.SH,20201214,5.09,5.13,5.04,5.1,5.09,0.01,0.1965,52181.89,26540.499
600351.SH,20201215,5.11,5.16,5.07,5.11,5.1,0.01,0.1961,46416.88,23727.006
600351.SH,20201216,5.12,5.12,5.04,5.04,5.11,-0.07,-1.3699,42313.85,21425.629
600351.SH,20201217,5.05,5.2,5.02,5.2,5.04,0.16,3.1746,87908.14,45063.383
600351.SH,20201218,5.18,5.23,5.13,5.16,5.2,-0.04,-0.7692,58409.53,30157.879
600351.SH,20201221,5.2,5.25,5.14,5.2,5.16,0.04,0.7752,59551.59,30832.434
600351.SH,20201222,5.17,5.33,5.16,5.21,5.2,0.01,0.1923,103785.03,54399.622
600351.SH,20201223,5.2,5.2,5.05,5.08,5.21,-0.13,-2.4952,100340.28,51121.339
600351.SH,20201224,5.09,5.09,5.0,5.0,5.08,-0.08,-1.5748,65203.59,32807.638
600351.SH,20201225,4.98,5.05,4.94,5.02,5.0,0.02,0.4,47690.71,23907.057
600351.SH,20201228,5.02,5.06,4.97,4.99,5.02,-0.03,-0.5976,44394.49,22234.986
600351.SH,20201229,4.96,5.01,4.95,4.96,4.99,-0.03,-0.6012,48973.38,24387.325
600351.SH,20201230,4.98,4.98,4.9,4.93,4.96,-0.03,-0.6048,54878.73,27090.477
600351.SH,20201231,4.92,5.0,4.91,4.98,4.93,0.05,1.0142,53937.29,26793.926
600351.SH,20210104,4.99,5.0,4.94,4.99,4.98,0.01,0.2008,48161.17,23935.083
600351.SH,20210105,4.99,5.06,4.97,5.06,4.99,0.07,1.4028,72763.1,36565.854
600351.SH,20210106,5.04,5.09,4.97,5.03,5.06,-0.03,-0.5929,69150.97,34691.54
600351.SH,20210107,5.03,5.03,4.81,4.84,5.03,-0.19,-3.7773,100069.08,49028.959
600351.SH,20210108,4.81,4.88,4.78,4.84,4.84,0.0,0.0,50570.1,24433.926
600351.SH,20210111,4.83,4.84,4.71,4.71,4.84,-0.13,-2.686,64692.0,30890.879
600351.SH,20210112,4.69,4.75,4.67,4.72,4.71,0.01,0.2123,36593.4,17267.011
600351.SH,20210113,4.74,4.74,4.5,4.6,4.72,-0.12,-2.5424,103786.0,47632.169
600351.SH,20210114,4.57,4.72,4.56,4.69,4.6,0.09,1.9565,60991.78,28437.017
600351.SH,20210115,4.75,4.83,4.71,4.73,4.69,0.04,0.8529,64198.15,30601.163
600351.SH,20210118,4.7,4.94,4.7,4.89,4.73,0.16,3.3827,118262.73,57801.615
600351.SH,20210119,5.18,5.24,5.01,5.04,4.89,0.15,3.0675,230698.3,117917.871
600351.SH,20210120,5.02,5.08,4.94,4.97,5.04,-0.07,-1.3889,101846.06,50672.294
600351.SH,20210121,4.98,5.11,4.98,5.04,4.97,0.07,1.4085,129357.71,65200.709
600351.SH,20210122,5.05,5.06,4.95,4.98,5.04,-0.06,-1.1905,90080.44,44947.285
600351.SH,20210125,5.0,5.05,4.78,4.78,4.98,-0.2,-4.0161,114439.07,55485.37
600351.SH,20210126,4.78,4.82,4.71,4.74,4.78,-0.04,-0.8368,72317.5,34320.189
600351.SH,20210127,4.78,4.78,4.72,4.73,4.74,-0.01,-0.211,37023.45,17574.343
600351.SH,20210128,4.71,4.74,4.66,4.67,4.73,-0.06,-1.2685,43385.64,20350.075
600351.SH,20210129,4.68,4.76,4.62,4.74,4.67,0.07,1.4989,50052.68,23496.996
600351.SH,20210201,4.74,4.8,4.7,4.8,4.74,0.06,1.2658,43974.03,20871.058
600351.SH,20210202,4.77,4.81,4.74,4.77,4.8,-0.03,-0.625,34688.03,16523.102
600351.SH,20210203,4.78,4.82,4.68,4.8,4.77,0.03,0.6289,56646.62,26897.19
600351.SH,20210204,4.75,4.77,4.64,4.65,4.8,-0.15,-3.125,45532.0,21369.545
600351.SH,20210205,4.66,4.71,4.61,4.62,4.65,-0.03,-0.6452,36955.6,17153.646
600351.SH,20210208,4.62,4.63,4.55,4.58,4.62,-0.04,-0.8658,32746.0,15040.153
600351.SH,20210209,4.58,4.7,4.56,4.67,4.58,0.09,1.9651,38461.43,17823.608
600351.SH,20210210,4.66,4.77,4.63,4.7,4.67,0.03,0.6424,61952.15,29123.959
600351.SH,20210218,4.7,4.77,4.7,4.77,4.7,0.07,1.4894,54826.86,26014.221
600351.SH,20210219,4.78,4.92,4.72,4.91,4.77,0.14,2.935,80364.72,38828.428
600351.SH,20210222,4.9,5.02,4.87,4.91,4.91,0.0,0.0,108781.49,53921.84
600351.SH,20210223,4.9,4.95,4.83,4.84,4.91,-0.07,-1.4257,63624.01,31023.577
600351.SH,20210224,4.85,4.91,4.82,4.85,4.84,0.01,0.2066,47972.91,23355.097
600351.SH,20210225,4.86,4.88,4.79,4.8,4.85,-0.05,-1.0309,52667.0,25402.61
600351.SH,20210226,4.78,4.83,4.74,4.82,4.8,0.02,0.4167,39345.25,18870.103
600351.SH,20210301,4.82,4.9,4.82,4.9,4.82,0.08,1.6598,39174.26,19058.579
600351.SH,20210302,4.9,4.92,4.82,4.85,4.9,-0.05,-1.0204,30439.26,14801.918
600351.SH,20210303,4.85,4.89,4.83,4.88,4.85,0.03,0.6186,40829.57,19841.34
600351.SH,20210304,4.88,4.91,4.82,4.84,4.88,-0.04,-0.8197,47737.18,23234.304
600351.SH,20210305,4.85,4.92,4.83,4.91,4.84,0.07,1.4463,57599.9,28120.809
600351.SH,20210308,4.92,4.98,4.85,4.87,4.91,-0.04,-0.8147,65278.1,32091.15
600351.SH,20210309,4.86,4.86,4.69,4.77,4.87,-0.1,-2.0534,64994.0,31046.921
600351.SH,20210310,4.77,4.79,4.65,4.67,4.77,-0.1,-2.0964,65470.0,30814.004
600351.SH,20210311,4.67,4.74,4.64,4.72,4.67,0.05,1.0707,42151.17,19762.14
600351.SH,20210312,4.73,4.75,4.67,4.73,4.72,0.01,0.2119,35644.1,16784.647
600351.SH,20210315,4.72,4.75,4.69,4.74,4.73,0.01,0.2114,34804.54,16462.313
600351.SH,20210316,4.73,4.83,4.73,4.83,4.74,0.09,1.8987,41714.55,19998.172
600351.SH,20210317,4.87,5.01,4.84,5.01,4.83,0.18,3.7267,102302.31,50231.146
600351.SH,20210318,4.98,4.98,4.88,4.93,5.01,-0.08,-1.5968,86843.0,42718.311
600351.SH,20210319,4.92,4.98,4.88,4.91,4.93,-0.02,-0.4057,55335.98,27258.804
600351.SH,20210322,4.88,4.94,4.88,4.92,4.91,0.01,0.2037,43769.0,21527.714
600351.SH,20210323,4.92,4.94,4.87,4.89,4.92,-0.03,-0.6098,38961.86,19096.398
600351.SH,20210324,4.91,4.93,4.88,4.93,4.89,0.04,0.818,35077.15,17181.415
600351.SH,20210325,4.91,4.94,4.88,4.92,4.93,-0.01,-0.2028,33207.4,16332.523
600351.SH,20210326,4.92,4.95,4.89,4.95,4.92,0.03,0.6098,47670.41,23525.116
600351.SH,20210329,4.95,5.03,4.95,4.96,4.95,0.01,0.202,57064.04,28436.59
600351.SH,20210330,4.97,4.98,4.87,4.9,4.96,-0.06,-1.2097,49111.0,24065.29
600351.SH,20210331,4.91,4.92,4.86,4.9,4.9,0.0,0.0,35757.17,17481.698
600351.SH,20210401,4.9,4.9,4.85,4.88,4.9,-0.02,-0.4082,25040.89,12209.884
600351.SH,20210402,4.89,4.9,4.86,4.9,4.88,0.02,0.4098,22879.95,11157.766
600351.SH,20210406,4.88,4.95,4.88,4.92,4.9,0.02,0.4082,35575.01,17508.316
600351.SH,20210407,4.94,4.95,4.89,4.95,4.92,0.03,0.6098,36732.0,18123.74
600351.SH,20210408,4.94,4.96,4.91,4.91,4.95,-0.04,-0.8081,32066.0,15836.733
600351.SH,20210409,4.92,5.02,4.88,4.98,4.91,0.07,1.4257,67050.12,33248.778
600351.SH,20210412,4.96,5.07,4.96,5.04,4.98,0.06,1.2048,102658.38,51716.926
600351.SH,20210413,5.04,5.05,4.97,4.98,5.04,-0.06,-1.1905,56822.86,28433.956
600351.SH,20210414,4.96,5.12,4.95,5.1,4.98,0.12,2.4096,96823.45,49026.185
600351.SH,20210415,5.17,5.21,5.06,5.13,5.1,0.03,0.5882,93027.74,47585.446
600351.SH,20210416,5.08,5.25,5.06,5.21,5.13,0.08,1.5595,113786.52,58991.923
600351.SH,20210419,5.17,5.21,5.13,5.18,5.21,-0.03,-0.5758,96811.54,50045.568
600351.SH,20210420,5.16,5.17,5.06,5.06,5.18,-0.12,-2.3166,94223.07,48052.612
600351.SH,20210421,5.06,5.26,5.03,5.25,5.06,0.19,3.7549,163192.01,84609.032
600351.SH,20210422,5.36,5.49,5.17,5.4,5.25,0.15,2.8571,315333.29,168576.872
600351.SH,20210423,5.32,5.4,5.21,5.21,5.4,-0.19,-3.5185,156105.97,82270.419
600351.SH,20210426,5.26,5.36,5.16,5.17,5.21,-0.04,-0.7678,184322.73,96981.846
600351.SH,20210427,5.27,5.69,5.12,5.57,5.17,0.4,7.7369,495389.44,272431.616
600351.SH,20210428,5.45,5.77,5.39,5.64,5.57,0.07,1.2567,415663.6,230539.469
600351.SH,20210429,5.58,5.65,5.45,5.46,5.64,-0.18,-3.1915,247335.2,136833.718
600351.SH,20210430,5.45,5.6,5.45,5.57,5.46,0.11,2.0147,207538.68,114943.612
